149 188 1306
183 0.457192821032 102 0.350032290321 28 0.395949533768 21 0.505804352906 20 0.505804352906 
152 0.162745323986 131 0.046021481372 125 0.109319635591 111 0.153352493027 80 0.764988791649 55 0.109319635591 48 0.523435571602 39 0.203144761488 33 0.153352493027 
187 0.272582168347 184 0.465568301945 166 0.23942262776 152 0.23301948765 131 0.263575056967 124 0.309033757793 104 0.26893811975 61 0.408069978634 55 0.31304869291 24 0.309033757793 
187 0.307303579322 184 0.209948884733 166 0.323904227166 152 0.315241703627 131 0.297149145585 124 0.418078029728 116 0.117524922449 104 0.303195353227 61 0.184019909752 55 0.282339771282 24 0.418078029728 
187 0.163464753356 148 0.370648801444 145 0.469104553342 131 0.158063280292 104 0.161279454484 102 0.414703711465 99 0.44320730314 79 0.44320730314 
187 0.293503221319 184 0.250650651863 166 0.300765080925 152 0.292721392776 131 0.283804801863 124 0.388211273265 116 0.0935392709499 114 0.0863881788767 105 0.0810469577585 104 0.289579487025 61 0.219694952863 55 0.280896339001 24 0.388211273265 17 0.243140873275 
187 0.228216081759 166 0.400907325107 152 0.390185423848 131 0.220674988079 124 0.517469457101 104 0.225165146705 24 0.517469457101 
187 0.163795304383 131 0.158382908704 129 0.65817715084 118 0.699122610861 104 0.161605586498 
186 0.0277297361364 183 0.0215277641898 176 0.04969196681 174 0.024845983405 173 0.0365593471105 172 0.0261056908191 171 0.138648680682 167 0.249567625228 166 0.0228255672223 164 0.221837889091 163 0.0277297361364 159 0.0277297361364 158 0.0277297361364 157 0.208845526553 151 0.0554594722728 149 0.0277297361364 148 0.0147310028264 146 0.0277297361364 140 0.0277297361364 139 0.0831892084092 138 0.720973139547 136 0.0238167275045 127 0.0277297361364 123 0.0554594722728 121 0.292474776884 120 0.0277297361364 110 0.0221926821872 108 0.0831892084092 104 0.00640986316583 101 0.04969196681 97 0.0952669100178 93 0.275358048481 90 0.234951217372 88 0.0522113816383 82 0.0554594722728 76 0.0831892084092 70 0.0277297361364 65 0.0554594722728 62 0.0522113816383 58 0.024845983405 56 0.0783170724574 47 0.0522113816383 46 0.0277297361364 44 0.0277297361364 32 0.0277297361364 14 0.0277297361364 3 0.0261056908191 2 0.104422763277 
164 0.471981559436 146 0.471981559436 128 0.444339051852 69 0.366419199356 54 0.471981559436 
187 0.228216081759 166 0.400907325107 152 0.390185423848 131 0.220674988079 124 0.517469457101 104 0.225165146705 24 0.517469457101 
187 0.117574734054 183 0.389600132967 174 0.449651824173 131 0.113689634998 104 0.116002921608 86 0.501840729519 69 0.389600132967 40 0.449651824173 
187 0.159425154056 131 0.154157164121 120 0.680469628604 112 0.680469628604 104 0.157293859069 
187 0.116604556111 131 0.112751515281 104 0.11504571361 98 0.497699747949 87 0.375709895583 41 0.497699747949 26 0.375709895583 25 0.427468159727 
187 0.221727619547 148 0.251378583899 131 0.21440092838 104 0.218763426306 80 0.890966034991 
187 0.0764967376815 165 0.326508743164 152 0.130787943537 131 0.0739690058028 114 0.270187720405 109 0.326508743164 105 0.253482514011 104 0.0754740815359 64 0.326508743164 51 0.326508743164 5 0.30738613079 4 0.326508743164 3 0.30738613079 1 0.326508743164 
187 0.141130405601 166 0.247923866559 131 0.136466941039 104 0.139243686232 97 0.51737905255 96 0.567102998498 92 0.539737936345 
187 0.136312836869 152 0.233056678651 148 0.309083081028 142 0.54774460679 131 0.13180856239 125 0.313098656947 104 0.134490521766 73 0.54774460679 55 0.313098656947 
187 0.202686682708 166 0.356059814773 152 0.34653731933 148 0.459582720262 131 0.195989173706 124 0.459582720262 104 0.199977040598 24 0.459582720262 
187 0.103817850726 179 0.443122634846 166 0.182376879456 134 0.443122634846 131 0.100387329389 104 0.102429948885 87 0.334510032514 26 0.334510032514 25 0.380592552099 2 0.417170305673 
187 0.202686682708 166 0.356059814773 152 0.34653731933 148 0.459582720262 131 0.195989173706 124 0.459582720262 104 0.199977040598 24 0.459582720262 
187 0.202686682708 166 0.356059814773 152 0.34653731933 148 0.459582720262 131 0.195989173706 124 0.459582720262 104 0.199977040598 24 0.459582720262 
187 0.129384398628 166 0.227289649199 152 0.442421989099 131 0.125109065079 121 0.728092414858 111 0.416887645904 104 0.127654707214 
187 0.106057033109 131 0.102552520999 104 0.10463919648 99 0.287555883811 79 0.287555883811 69 0.351434638859 62 0.426167991452 60 0.374595164149 42 0.351434638859 28 0.30435819419 23 0.374595164149 
187 0.23829055558 131 0.230416564453 104 0.23510493867 99 0.646084934726 79 0.646084934726 
187 0.0933360976847 169 0.398383681063 145 0.267852167003 131 0.0902519317882 108 0.398383681063 104 0.0920883224618 82 0.398383681063 70 0.398383681063 47 0.375051574745 40 0.356953787076 
181 0.360790895733 131 0.102128388572 126 0.424405463699 111 0.340311579061 95 0.424405463699 94 0.450807894905 81 0.424405463699 
187 0.110320639873 181 0.376853653242 176 0.421909327389 166 0.193800332977 131 0.106675242609 104 0.108845804687 72 0.470878295751 66 0.470878295751 48 0.404431546066 
183 0.488069235434 28 0.42268989653 21 0.539963736187 20 0.539963736187 
187 0.17633533993 131 0.170508575631 104 0.173977979021 63 0.674375391137 12 0.674375391137 
187 0.130454682764 173 0.367057643772 152 0.223040879918 131 0.252287966227 125 0.599285979281 104 0.128710683123 55 0.599285979281 

187 0.0958821160279 166 0.168436169642 144 0.409250775197 131 0.0927138203773 121 0.269781527528 110 0.327531872071 104 0.0946003040424 101 0.366690758217 97 0.351500430653 87 0.308940413673 26 0.308940413673 13 0.385282216615 
187 0.218441077075 180 0.289533881096 166 0.383735568626 152 0.373472910354 131 0.211222985286 124 0.495305084072 104 0.215520820385 24 0.495305084072 
187 0.353435111576 173 0.397781226502 152 0.241709922894 131 0.136702529344 125 0.324723808247 105 0.234231219102 104 0.348710170358 90 0.284041005474 55 0.324723808247 47 0.284041005474 34 0.301711308399 
187 0.196451478642 145 0.281884263272 131 0.189960003577 105 0.162742282209 104 0.193825192632 102 0.249194874255 99 0.532645284436 79 0.532645284436 42 0.325484564418 28 0.140942131636 17 0.162742282209 
187 0.254959515283 131 0.246534720787 114 0.900521150544 104 0.251551057313 
187 0.220940585821 166 0.388126457112 152 0.377746368526 148 0.250486302532 131 0.213639901125 124 0.500972605063 104 0.217986914138 24 0.500972605063 
187 0.272582168347 184 0.465568301945 166 0.23942262776 152 0.23301948765 131 0.263575056967 124 0.309033757793 104 0.26893811975 61 0.408069978634 55 0.31304869291 24 0.309033757793 
187 0.0940562489778 152 0.16080977769 142 0.377945352 131 0.0909482866498 125 0.216038972623 104 0.092798846323 91 0.33220819961 78 0.359707927625 73 0.377945352 55 0.216038972623 53 0.344806866921 33 0.303057313205 11 0.344806866921 
187 0.195117119059 145 0.373292823503 131 0.188669736113 104 0.192508671601 102 0.330003020153 99 0.529027391894 79 0.529027391894 42 0.215515847973 28 0.186646411752 
187 0.138809642801 174 0.530862430611 131 0.134222864727 127 0.592477056981 104 0.136953948839 8 0.557777498887 
141 0.361442957415 121 0.253088850096 98 0.383928466284 93 0.31770284648 55 0.206605967684 45 0.383928466284 34 0.383928466284 19 0.361442957415 17 0.298059867834 
187 0.137472488012 166 0.241498000578 131 0.13292989442 119 0.55240442221 104 0.135634669969 101 0.525748627077 13 0.55240442221 
187 0.0313231591963 153 0.0668478529353 152 0.428430461274 148 0.035511910596 131 0.242305020013 125 0.611545721287 113 0.0668478529353 111 0.151388864168 104 0.0309044116494 102 0.0397328173408 93 0.110633907218 84 0.119792026619 65 0.133695705871 55 0.539599165842 45 0.0668478529353 36 0.0668478529353 33 0.0504629547227 
187 0.204994449332 185 0.226425814354 166 0.360113869758 152 0.350482952308 131 0.198220683283 124 0.464815474819 107 0.274575764158 104 0.202253955557 61 0.204591716487 55 0.156951436714 24 0.464815474819 
187 0.170084189811 148 0.257105379207 145 0.488100744983 131 0.164463986366 104 0.167810398179 102 0.431496963888 99 0.461154796524 79 0.461154796524 
187 0.210845730053 131 0.203878616298 121 0.593252271466 110 0.720245855469 104 0.208027012705 
161 0.376170895127 148 0.159868077851 103 0.376170895127 77 0.376170895127 71 0.376170895127 68 0.376170895127 30 0.35413972333 6 0.376170895127 
187 0.159425154056 147 0.680469628604 131 0.154157164121 104 0.157293859069 7 0.680469628604 
187 0.268330519782 180 0.88915026708 131 0.259463898414 104 0.264743309877 
187 0.112954988769 183 0.374291968403 145 0.324153669008 131 0.109222542986 104 0.111444935962 102 0.286562406323 99 0.306258535375 79 0.306258535375 28 0.324153669008 21 0.414088975519 20 0.414088975519 
187 0.376545027186 183 0.178247713605 148 0.609856079284 131 0.36410260287 118 0.229599415044 104 0.371511138188 81 0.216152483814 17 0.178247713605 15 0.229599415044 
187 0.121685487462 185 0.403221682589 148 0.183944159846 131 0.117664554084 104 0.240117439796 62 0.488967664475 56 0.488967664475 5 0.488967664475 
187 0.0582291483661 166 0.102291179196 153 0.248537736703 152 0.29866648433 131 0.168915133269 130 0.248537736703 125 0.534989031624 121 0.327676301768 113 0.248537736703 104 0.0574507047587 55 0.534989031624 
187 0.0968456825748 166 0.170128867562 152 0.165578925955 136 0.355032831379 131 0.0936455471628 125 0.22244605748 104 0.0955509890302 91 0.342060524397 83 0.370375814016 78 0.370375814016 53 0.355032831379 33 0.312045107853 11 0.355032831379 
168 0.617348243646 166 0.254083265805 152 0.247288040283 125 0.332217698029 121 0.406961115974 111 0.466031668922 
187 0.145460896377 179 0.620866404179 131 0.140654336568 123 0.620866404179 121 0.409280316768 104 0.143516284305 
187 0.107982096267 148 0.163229620808 140 0.460896759846 139 0.460896759846 131 0.104413973032 112 0.460896759846 106 0.395858528294 104 0.106538524191 93 0.3813945185 
187 0.183351041574 180 0.151889754954 173 0.128972758734 152 0.235109101377 148 0.103935011077 142 0.552568341022 131 0.132969339633 125 0.315855972475 104 0.180899890386 73 0.552568341022 55 0.315855972475 
187 0.0899532846453 178 0.383944921093 162 0.383944921093 137 0.383944921093 135 0.361458448517 133 0.329765545457 131 0.0869808992589 104 0.088750732979 29 0.383944921093 16 0.383944921093 
187 0.19696958075 145 0.282627677534 131 0.190460985697 116 0.125548134701 105 0.108780988631 104 0.194336368428 102 0.249852076688 99 0.534050031535 79 0.534050031535 42 0.326342965893 28 0.0942092258446 27 0.140119897487 17 0.108780988631 
187 0.0869133127273 185 0.287999275249 175 0.370969499653 172 0.349242957583 131 0.084041379127 129 0.349242957583 104 0.0857514013035 102 0.220495688665 88 0.349242957583 63 0.332390542297 12 0.332390542297 8 0.349242957583 
187 0.106731009424 138 0.455556783202 131 0.103204226673 126 0.428876224222 104 0.105304162659 95 0.428876224222 49 0.455556783202 38 0.428876224222 
173 0.465616633404 111 0.533201055888 32 0.706326967273 
174 0.415006752854 166 0.190629696168 149 0.463174572884 90 0.436047863402 84 0.415006752854 44 0.463174572884 
187 0.0882281862161 180 0.194904193534 178 0.376581734936 162 0.376581734936 137 0.376581734936 135 0.354526501515 133 0.323441395908 131 0.0853128043887 104 0.0870486967426 29 0.376581734936 16 0.376581734936 
181 0.27225784595 154 0.34018593001 148 0.0602395429923 131 0.077067507556 126 0.320262286888 111 0.256803867732 95 0.320262286888 94 0.34018593001 81 0.320262286888 49 0.34018593001 40 0.304808308671 38 0.320262286888 
187 0.272582168347 184 0.465568301945 166 0.23942262776 152 0.23301948765 131 0.263575056967 124 0.309033757793 104 0.26893811975 61 0.408069978634 55 0.31304869291 24 0.309033757793 
187 0.270702057943 173 0.304667513494 166 0.0951084928935 152 0.370259611508 141 0.217551913219 131 0.261757072285 125 0.373067362055 124 0.122760890363 104 0.267083143835 74 0.231085903503 55 0.497423149407 33 0.17444505655 24 0.122760890363 
187 0.206880355021 166 0.363426841392 152 0.353707321533 148 0.42218251122 131 0.200044271754 124 0.469091679133 104 0.204114649281 24 0.469091679133 
187 0.0960434673926 131 0.092869840103 106 0.352091939023 104 0.0947594983613 89 0.352091939023 69 0.318253304741 63 0.367307829019 60 0.339227087339 31 0.352091939023 23 0.339227087339 12 0.367307829019 

187 0.228216081759 166 0.400907325107 152 0.390185423848 131 0.220674988079 124 0.517469457101 104 0.225165146705 24 0.517469457101 
187 0.103758274649 166 0.182272222127 152 0.177397517562 136 0.190187074159 131 0.100329721923 125 0.238323676523 104 0.102371169258 91 0.36647591192 83 0.396812273015 78 0.297609204761 53 0.380374148319 33 0.334318073278 17 0.17190869248 11 0.380374148319 
187 0.201267465905 184 0.152783699693 173 0.18876736922 166 0.157140744791 152 0.382345396743 136 0.163964306433 131 0.281113232132 125 0.359561809737 124 0.202828760671 104 0.198576796771 102 0.0567341911766 91 0.157973324391 78 0.171050134233 74 0.0954515466559 61 0.133914703404 55 0.462293755376 53 0.163964306433 33 0.144111347354 24 0.202828760671 11 0.163964306433 
187 0.0979948081864 181 0.334748796837 180 0.324719342184 131 0.0947567014631 122 0.3937716279 104 0.0966847524132 96 0.3937716279 92 0.374770520341 52 0.418268316105 25 0.359245485042 
187 0.202860243339 173 0.570783672596 152 0.346834059279 131 0.196156999259 125 0.465952225751 104 0.200148280962 55 0.465952225751 
187 0.217563200689 131 0.210374117145 104 0.214654679999 14 0.928618518497 
187 0.15920584881 166 0.27967700828 148 0.240661287659 145 0.456882520922 131 0.153945105522 104 0.157077485632 99 0.431659996705 79 0.431659996705 28 0.456882520922 
185 0.625100164092 104 0.186122742773 56 0.758029095401 
187 0.140009259255 131 0.135382841467 110 0.478269532326 104 0.13813752807 76 0.597597344098 41 0.597597344098 
187 0.112003207775 160 0.478059950129 131 0.108302212316 122 0.450061449907 119 0.450061449907 110 0.382601279992 104 0.110505878971 58 0.428344125925 
187 0.181225868041 160 0.77352096568 148 0.102730327794 131 0.175237502814 110 0.464298637896 104 0.178803127499 87 0.145981328323 26 0.145981328323 22 0.19338024142 
187 0.154484716223 186 0.0775744123767 180 0.0602242894988 156 0.659382505202 154 0.659382505202 148 0.226656281652 131 0.149379976416 104 0.152419468093 
187 0.22908376486 131 0.221513999758 104 0.226021230077 30 0.920525165405 
187 0.157269613142 182 0.223756399211 177 0.223756399211 173 0.295004172658 152 0.17925792138 148 0.118867202089 132 0.223756399211 131 0.152072850159 125 0.361234538027 117 0.223756399211 105 0.173711533873 104 0.155167134772 75 0.223756399211 67 0.223756399211 57 0.223756399211 55 0.361234538027 33 0.168912067426 19 0.210651675439 17 0.173711533873 10 0.223756399211 
187 0.101095119159 166 0.177593855309 131 0.0977545668263 104 0.0997436164928 102 0.256474379126 48 0.370611114912 36 0.43150128093 25 0.741222229823 
187 0.125959464278 163 0.537629023376 158 0.537629023376 131 0.121797303081 104 0.248551119049 87 0.405852213242 26 0.405852213242 
188 0.562575489917 187 0.131804095845 159 0.562575489917 131 0.127448806654 104 0.130042056407 100 0.562575489917 
187 0.109035522881 170 0.438136429251 155 0.438136429251 150 0.465393069237 143 0.465393069237 131 0.10543259058 104 0.107577867941 93 0.385115238419 
166 0.308437673611 152 0.300188788959 124 0.398114640261 107 0.705522755764 24 0.398114640261 
187 0.182360959223 185 0.517952781507 166 0.320353604367 152 0.311786039 148 0.295353627261 131 0.176335086434 125 0.359028997817 104 0.179923044074 61 0.468006922841 
187 0.21967802707 173 0.0343390846098 166 0.364469157221 152 0.354721761574 148 0.401255125713 136 0.0223703289458 131 0.200618002935 124 0.470437043939 115 0.0233370777596 104 0.216741234061 24 0.470437043939 
187 0.299557433635 131 0.289658960871 104 0.295552762851 28 0.859657835835 
187 0.186276396317 166 0.327231855015 152 0.318480337099 131 0.180121143172 125 0.427860580468 104 0.183786137161 83 0.712393883586 
187 0.212668833766 166 0.373595465409 152 0.363603994962 131 0.205641477999 125 0.488481699569 121 0.59838190069 104 0.209825744029 
187 0.58636696437 131 0.566991256159 104 0.578528044726 

152 0.450397994212 131 0.254729074764 125 0.605084599573 55 0.605084599573 
187 0.0988160343801 171 0.421773531366 170 0.397071553489 155 0.397071553489 150 0.421773531366 131 0.095550791341 128 0.397071553489 104 0.0974949999424 58 0.37791121089 
187 0.202686682708 166 0.356059814773 152 0.34653731933 148 0.459582720262 131 0.195989173706 124 0.459582720262 104 0.199977040598 24 0.459582720262 
187 0.272582168347 184 0.465568301945 166 0.23942262776 152 0.23301948765 131 0.263575056967 124 0.309033757793 104 0.26893811975 61 0.408069978634 55 0.31304869291 24 0.309033757793 
187 0.216667891024 166 0.380620611648 152 0.370441260063 131 0.209508391785 124 0.491284466349 114 0.255091503834 104 0.213771339393 102 0.18322599973 24 0.491284466349 
187 0.201960054395 166 0.405466681585 152 0.39462284449 131 0.195286555848 124 0.523354427451 107 0.115933458782 104 0.199260126306 24 0.523354427451 
187 0.170089005926 167 0.725985829386 133 0.62354025244 131 0.164468643339 104 0.16781514991 
187 0.19702302408 145 0.32309069976 131 0.190512663064 116 0.107641885204 104 0.194389097294 102 0.28562270687 99 0.534194934174 79 0.534194934174 42 0.279798438706 28 0.16154534988 27 0.120135356499 
187 0.0895375848816 170 0.359788046016 155 0.359788046016 147 0.382170602194 143 0.382170602194 133 0.328241604893 131 0.0865789357352 104 0.0883405905493 93 0.316248204603 61 0.268085037045 7 0.382170602194 
187 0.0992516174678 181 0.339042038516 176 0.379577051188 131 0.095971981171 121 0.139631112033 104 0.0979247598835 92 0.189788525594 66 0.211816358832 59 0.211816358832 50 0.423632717664 48 0.54577935482 37 0.211816358832 9 0.211816358832 
187 0.252021570293 131 0.12184692812 104 0.248652388606 69 0.417554154329 60 0.445072140553 54 0.537848074706 23 0.445072140553 
187 0.228216081759 166 0.400907325107 152 0.390185423848 131 0.220674988079 124 0.517469457101 104 0.225165146705 24 0.517469457101 
187 0.17600074104 145 0.505079824967 131 0.170185033112 104 0.173647853258 102 0.446507023877 99 0.477196534332 79 0.477196534332 
187 0.209561843772 166 0.368137414259 152 0.358291914419 148 0.395976526171 131 0.202637154313 124 0.475171831405 104 0.206760290217 24 0.475171831405 
187 0.131264670686 134 0.560273077604 131 0.126927206074 104 0.129509842621 87 0.422946043979 26 0.422946043979 2 0.527459607486 
187 0.10995972128 180 0.12145557852 131 0.106326250085 122 0.441850127096 104 0.108489711079 96 0.441850127096 92 0.420529033358 52 0.469337797689 25 0.403108431329 
187 0.130454682764 173 0.367057643772 152 0.223040879918 131 0.252287966227 125 0.599285979281 104 0.128710683123 55 0.599285979281 
187 0.158473269414 131 0.153236733227 119 0.636791667137 104 0.156354699815 87 0.510614486174 26 0.510614486174 
187 0.118967542675 185 0.394215396854 166 0.208990352217 152 0.203401095598 131 0.11503642013 125 0.273258034149 121 0.3347365152 111 0.383323641263 104 0.117377110294 61 0.356201455818 15 0.507785613002 
187 0.0764967376815 165 0.326508743164 152 0.130787943537 131 0.0739690058028 114 0.270187720405 109 0.326508743164 105 0.253482514011 104 0.0754740815359 64 0.326508743164 51 0.326508743164 5 0.30738613079 4 0.326508743164 3 0.30738613079 1 0.326508743164 
187 0.10865043223 166 0.190866278228 144 0.4637493983 131 0.105060224732 110 0.371148248953 104 0.107197925422 101 0.415521799325 97 0.39830862419 87 0.350081025216 26 0.350081025216 
152 0.450397994212 131 0.254729074764 125 0.605084599573 55 0.605084599573 
187 0.110457242658 131 0.213614663076 106 0.404932327022 104 0.10898058128 89 0.404932327022 69 0.366015341415 60 0.390136775769 31 0.404932327022 23 0.390136775769 
152 0.450397994212 131 0.254729074764 125 0.605084599573 55 0.605084599573 
187 0.17600074104 145 0.505079824967 131 0.170185033112 104 0.173647853258 102 0.446507023877 99 0.477196534332 79 0.477196534332 
187 0.212754950838 166 0.373746747321 152 0.363751230977 148 0.361809040988 131 0.205724749448 124 0.48241205465 104 0.209910709834 24 0.48241205465 
187 0.112827062741 166 0.198203367503 152 0.192902598965 131 0.109098844101 125 0.259153889119 104 0.111318720129 91 0.398507018807 83 0.431494869926 53 0.413620003245 33 0.363538487474 11 0.413620003245 
187 0.139014803219 181 0.474872485405 131 0.134421245894 121 0.39114307772 104 0.137156366544 58 0.531647044387 40 0.531647044387 
187 0.20586687514 183 0.136433669314 173 0.115848674067 145 0.1181576903 131 0.159251424763 104 0.203114718232 102 0.10445524853 99 0.558173555237 91 0.145425029581 79 0.558173555237 42 0.136433669314 28 0.354473070901 21 0.150940129957 20 0.150940129957 
187 0.238811003571 131 0.23091981494 104 0.235618428988 84 0.913306793779 
187 0.0490769134514 166 0.0862134427365 152 0.419538713674 131 0.237276164049 130 0.209473525474 125 0.563626876298 121 0.276173393449 104 0.0484208226341 55 0.563626876298 
187 0.236297301789 131 0.114244587527 104 0.23313833194 89 0.433128756341 69 0.391501885746 60 0.417302954631 31 0.433128756341 23 0.417302954631 
187 0.163795304383 156 0.699122610861 131 0.158382908704 104 0.161605586498 38 0.65817715084 
187 0.227122437888 183 0.376300795884 173 0.319524853891 131 0.1098087411 104 0.224086123347 99 0.30790222697 79 0.30790222697 28 0.325893403904 21 0.416311393802 20 0.416311393802 
187 0.15450534825 131 0.149399926685 104 0.152439824298 87 0.497829503358 26 0.497829503358 18 0.659470568265 
187 0.214865841489 173 0.43662924926 166 0.104848597269 157 0.0479663008849 152 0.408178068131 131 0.253936086012 125 0.438691585812 124 0.135332889446 115 0.0913034574754 106 0.0437605855937 104 0.211993380781 102 0.121134726604 55 0.466109809926 35 0.0509503033723 24 0.135332889446 
187 0.103769418262 166 0.182291798117 131 0.10034049731 128 0.416975689951 121 0.291973866754 104 0.102382163896 89 0.380415000405 69 0.343854310859 60 0.366515271339 31 0.380415000405 23 0.366515271339 
187 0.2395908111 182 0.085219859235 177 0.0426099296175 173 0.252799391891 168 0.0426099296175 166 0.245518769319 157 0.0401143971565 152 0.47790518691 148 0.0905435220211 141 0.0401143971565 132 0.0426099296175 131 0.270286163907 125 0.321019489842 124 0.271630566063 121 0.0842664639635 117 0.0426099296175 115 0.0763574235944 111 0.0643318477591 106 0.0731942833997 105 0.132319544973 104 0.236387811562 102 0.075979069307 75 0.0426099296175 67 0.0426099296175 57 0.085219859235 55 0.343949453402 35 0.0426099296175 24 0.271630566063 19 0.0401143971565 17 0.0661597724865 10 0.0426099296175 
135 0.444339051852 46 0.471981559436 43 0.471981559436 42 0.366419199356 18 0.471981559436 
187 0.166161724992 148 0.329668552889 145 0.476844213718 131 0.160671134125 104 0.163940371319 102 0.421545823444 99 0.450519690066 79 0.450519690066 
187 0.148781760375 145 0.426967892546 131 0.143865467078 115 0.379333142132 114 0.17516653168 104 0.146792752919 102 0.503271373667 99 0.403396826645 79 0.403396826645 
188 0.49715312912 187 0.116476490453 131 0.11262768138 104 0.114919360013 100 0.49715312912 39 0.49715312912 13 0.468036400157 
187 0.0869133127273 185 0.287999275249 175 0.370969499653 172 0.349242957583 131 0.084041379127 129 0.349242957583 104 0.0857514013035 102 0.220495688665 88 0.349242957583 63 0.332390542297 12 0.332390542297 8 0.349242957583 
187 0.159284814874 185 0.527812251107 166 0.279815728011 152 0.272332311225 131 0.154021462258 125 0.365863280045 104 0.157155396028 61 0.476915650032 55 0.365863280045 
187 0.202686682708 166 0.356059814773 152 0.34653731933 148 0.459582720262 131 0.195989173706 124 0.459582720262 104 0.199977040598 24 0.459582720262 
187 0.081318181713 169 0.347087968876 161 0.347087968876 131 0.0786311316967 104 0.0802310694935 84 0.310992570298 80 0.326760094576 28 0.233363636673 22 0.694175937751 
187 0.0900279962404 181 0.30753428657 176 0.344302311732 166 0.158152233967 131 0.0870531421098 104 0.0888244457829 72 0.384263810366 59 0.384263810366 50 0.384263810366 37 0.384263810366 9 0.384263810366 
187 0.0796661738863 180 0.263984878969 151 0.340036753157 131 0.0770337122482 104 0.0786011467388 103 0.340036753157 85 0.340036753157 77 0.340036753157 71 0.340036753157 68 0.340036753157 30 0.320121846865 6 0.340036753157 
187 0.0926138835183 104 0.0913757633053 97 0.339519206394 85 0.395301075884 48 0.679038412788 43 0.395301075884 42 0.306888904522 
187 0.108861287893 133 0.39908161356 131 0.105264112954 104 0.107405962236 99 0.295159151028 89 0.39908161356 86 0.464649387236 79 0.295159151028 31 0.39908161356 28 0.312405731419 
