250 200 3658
198 0.168844453504 171 0.13264867312 167 0.168844453504 163 0.236517376435 142 0.589114690083 130 0.168844453504 76 0.257751957682 60 0.589114690083 48 0.139171635787 45 0.154599629917 31 0.13264867312 22 0.139730968778 
188 0.382314406217 171 0.0860842541413 163 0.306982670281 159 0.29820190035 155 0.349567217783 147 0.415061594651 137 0.193699008978 104 0.130852885893 97 0.0951684827082 48 0.0903174240834 45 0.100329641593 38 0.29820190035 31 0.0860842541413 22 0.18136082246 9 0.39703951636 
188 0.262945389794 183 0.285468010149 173 0.262945389794 171 0.0592063950304 163 0.211134282633 159 0.205095109287 155 0.240422769439 147 0.285468010149 137 0.133220879439 136 0.301448063602 115 0.301448063602 104 0.0899970352343 97 0.130908557851 71 0.301448063602 48 0.0621178535117 45 0.0690039828149 38 0.205095109287 31 0.0592063950304 22 0.124735012282 10 0.301448063602 9 0.273072917722 
187 0.319532575019 171 0.164443259621 161 0.332630959442 154 0.330690290368 151 0.307459735537 105 0.224718024475 104 0.249962961308 97 0.18179649305 76 0.319532575019 48 0.172529712489 45 0.191655645562 31 0.164443259621 22 0.173223112115 20 0.332630959442 18 0.272040725044 
171 0.125844573287 163 0.224385420616 120 0.365002416892 106 0.381313517117 105 0.343942876892 104 0.191290797055 97 0.139124596202 48 0.132032946182 45 0.146669574595 31 0.125844573287 30 0.37701967104 23 0.357620778743 22 0.132563588667 18 0.208186392307 11 0.308561803383 
187 0.335798277004 171 0.17281419036 161 0.349563430433 154 0.34752397223 105 0.236157222548 104 0.262687244695 97 0.191050784503 76 0.335798277004 48 0.181312281486 45 0.201411813972 31 0.17281419036 22 0.182040978395 20 0.349563430433 18 0.285888869826 
171 0.268478291257 97 0.296810048177 48 0.281680638701 45 0.312906593731 31 0.268478291257 22 0.282812717615 14 0.71449636646 
192 0.261703553057 185 0.210787601086 179 0.237836844237 178 0.261703553057 151 0.117304428827 132 0.254770543632 105 0.0857361678985 104 0.0953678124806 101 0.24856875537 93 0.269563550878 87 0.261703553057 86 0.261703553057 58 0.457526285326 50 0.261703553057 42 0.204896433843 18 0.103791092558 5 0.254770543632 
171 0.0909778642929 165 0.352310589878 163 0.162216818834 135 0.463211803516 127 0.320328366765 126 0.251110847369 105 0.248649485323 104 0.138291447302 97 0.201157003476 48 0.0954516761922 45 0.106033055736 42 0.297117273073 31 0.0909778642929 30 0.272561967288 23 0.258537764697 22 0.0958352979789 18 0.150505920536 11 0.223071151509 
171 0.124205134122 163 0.221462241356 146 0.444840519522 106 0.376345958344 105 0.339462163833 104 0.188798757737 97 0.137312151645 48 0.130312888039 45 0.144758837893 31 0.124205134122 30 0.372108050311 23 0.352961876928 22 0.130836617584 11 0.304542016975 
171 0.188164412696 97 0.208020872511 61 0.713303551344 48 0.197417346858 45 0.219302220535 31 0.188164412696 22 0.198210770278 14 0.500758510265 
171 0.115574676579 158 0.457896145536 152 0.457896145536 126 0.319001277902 96 0.457896145536 48 0.121258030078 45 0.134700195687 31 0.115574676579 15 0.457896145536 
187 0.319532575019 171 0.164443259621 161 0.332630959442 154 0.330690290368 151 0.307459735537 105 0.224718024475 104 0.249962961308 97 0.18179649305 76 0.319532575019 48 0.172529712489 45 0.191655645562 31 0.164443259621 22 0.173223112115 20 0.332630959442 18 0.272040725044 
187 0.274045560372 171 0.141033962592 161 0.285279326128 154 0.283614920726 151 0.263691348252 105 0.192728321797 104 0.214379519208 97 0.155916878924 76 0.274045560372 48 0.147969269603 45 0.164372533171 31 0.141033962592 22 0.148563960423 20 0.285279326128 18 0.233314406002 16 0.514241978095 
171 0.0871226666944 145 0.280045585023 141 0.280045585023 139 0.280045585023 129 0.280045585023 119 0.182408136954 117 0.267885935652 105 0.079370978138 97 0.160527460016 92 0.280045585023 83 0.267885935652 70 0.267885935652 66 0.280045585023 48 0.0914069002932 45 0.101539892646 35 0.211779402324 31 0.0871226666944 22 0.0917742660621 21 0.280045585023 18 0.0960854764125 14 0.231857959532 11 0.14241232365 
171 0.10049256638 165 0.389156149297 163 0.179181876397 134 0.431770403177 127 0.353829141963 126 0.277372674046 105 0.274653896344 104 0.152754327174 97 0.111097263503 48 0.105434261184 45 0.11712226897 31 0.10049256638 30 0.301067207976 23 0.285576317738 22 0.105858003136 18 0.166246221842 11 0.246400513736 
187 0.319532575019 171 0.164443259621 161 0.332630959442 154 0.330690290368 151 0.307459735537 105 0.224718024475 104 0.249962961308 97 0.18179649305 76 0.319532575019 48 0.172529712489 45 0.191655645562 31 0.164443259621 22 0.173223112115 20 0.332630959442 18 0.272040725044 
171 0.268478291257 97 0.296810048177 48 0.281680638701 45 0.312906593731 31 0.268478291257 22 0.282812717615 14 0.71449636646 
187 0.319532575019 171 0.164443259621 161 0.332630959442 154 0.330690290368 151 0.307459735537 105 0.224718024475 104 0.249962961308 97 0.18179649305 76 0.319532575019 48 0.172529712489 45 0.191655645562 31 0.164443259621 22 0.173223112115 20 0.332630959442 18 0.272040725044 
171 0.165837919411 140 0.642205174478 97 0.183338327355 45 0.0966405481641 42 0.270798346228 31 0.165837919411 29 0.616213291079 4 0.191220241071 
187 0.319532575019 171 0.164443259621 161 0.332630959442 154 0.330690290368 151 0.307459735537 105 0.224718024475 104 0.249962961308 97 0.18179649305 76 0.319532575019 48 0.172529712489 45 0.191655645562 31 0.164443259621 22 0.173223112115 20 0.332630959442 18 0.272040725044 
187 0.319532575019 171 0.164443259621 161 0.332630959442 154 0.330690290368 151 0.307459735537 105 0.224718024475 104 0.249962961308 97 0.18179649305 76 0.319532575019 48 0.172529712489 45 0.191655645562 31 0.164443259621 22 0.173223112115 20 0.332630959442 18 0.272040725044 
193 0.269656005984 187 0.168901572935 171 0.115897313263 105 0.158378125917 97 0.224223352292 63 0.362578471503 48 0.121596532334 45 0.135076222908 43 0.419105597232 35 0.422588024422 31 0.115897313263 22 0.21364915374 21 0.139701865744 18 0.191730504512 14 0.308435400201 11 0.284171840341 
171 0.268478291257 97 0.296810048177 48 0.281680638701 45 0.312906593731 31 0.268478291257 22 0.282812717615 14 0.71449636646 
171 0.157918659276 163 0.281574674692 137 0.355334295523 105 0.215801907734 98 0.453326934303 97 0.174583370032 57 0.453326934303 48 0.165684266685 39 0.448767812815 31 0.157918659276 22 0.166350154357 
171 0.11597308292 140 0.449104247184 120 0.3363709253 97 0.128211395297 79 0.559172791978 42 0.378747142671 31 0.11597308292 29 0.430927711567 
171 0.26792439332 170 0.0461363309729 151 0.0178906614319 120 0.0277533538146 119 0.0300509725156 97 0.296197698953 48 0.281099502983 45 0.312261035701 31 0.26792439332 22 0.282229246303 14 0.713022288011 
174 0.261410876841 171 0.0872557661456 163 0.155580183368 151 0.163142197771 149 0.374897952012 137 0.196335039417 113 0.363966588791 97 0.192927242141 95 0.374897952012 48 0.091546544874 47 0.337896813471 45 0.10169501765 31 0.0872557661456 22 0.0919144718766 8 0.307223051205 3 0.374897952012 
187 0.319532575019 171 0.164443259621 161 0.332630959442 154 0.330690290368 151 0.307459735537 105 0.224718024475 104 0.249962961308 97 0.18179649305 76 0.319532575019 48 0.172529712489 45 0.191655645562 31 0.164443259621 22 0.173223112115 20 0.332630959442 18 0.272040725044 
187 0.319532575019 171 0.164443259621 161 0.332630959442 154 0.330690290368 151 0.307459735537 105 0.224718024475 104 0.249962961308 97 0.18179649305 76 0.319532575019 48 0.172529712489 45 0.191655645562 31 0.164443259621 22 0.173223112115 20 0.332630959442 18 0.272040725044 
187 0.319532575019 171 0.164443259621 161 0.332630959442 154 0.330690290368 151 0.307459735537 105 0.224718024475 104 0.249962961308 97 0.18179649305 76 0.319532575019 48 0.172529712489 45 0.191655645562 31 0.164443259621 22 0.173223112115 20 0.332630959442 18 0.272040725044 
171 0.124205134122 163 0.221462241356 146 0.444840519522 106 0.376345958344 105 0.339462163833 104 0.188798757737 97 0.137312151645 48 0.130312888039 45 0.144758837893 31 0.124205134122 30 0.372108050311 23 0.352961876928 22 0.130836617584 11 0.304542016975 
187 0.319532575019 171 0.164443259621 161 0.332630959442 154 0.330690290368 151 0.307459735537 105 0.224718024475 104 0.249962961308 97 0.18179649305 76 0.319532575019 48 0.172529712489 45 0.191655645562 31 0.164443259621 22 0.173223112115 20 0.332630959442 18 0.272040725044 
171 0.12994742068 163 0.231700945745 146 0.46540651105 106 0.393745290129 105 0.177578136849 104 0.197527354799 97 0.14366040551 48 0.136337549988 45 0.151451369043 31 0.12994742068 30 0.389311453945 23 0.36928010931 22 0.136885492744 11 0.318621688825 
187 0.319532575019 171 0.164443259621 161 0.332630959442 154 0.330690290368 151 0.307459735537 105 0.224718024475 104 0.249962961308 97 0.18179649305 76 0.319532575019 48 0.172529712489 45 0.191655645562 31 0.164443259621 22 0.173223112115 20 0.332630959442 18 0.272040725044 
187 0.284100705967 171 0.146208711732 161 0.295746655559 154 0.294021180609 105 0.199799815068 104 0.222245427619 97 0.161637704747 76 0.284100705967 48 0.153398485634 45 0.170403609721 31 0.146208711732 22 0.154014996559 20 0.295746655559 18 0.241875064013 16 0.533110293108 
171 0.122198878892 163 0.217885015801 142 0.542705426096 76 0.237446779677 60 0.542705426096 48 0.12820797575 47 0.473213560676 45 0.142420583701 31 0.122198878892 22 0.128723245619 
184 0.0675618555323 171 0.157019690879 163 0.279971781561 159 0.543927233611 151 0.163099934027 137 0.353311518077 108 0.0804677060571 97 0.173589536034 48 0.16474109176 45 0.183003610428 38 0.543927233611 31 0.157019690879 22 0.165403188796 
186 0.155411328213 184 0.118203068879 176 0.34025715605 171 0.18314288134 126 0.0842497320282 112 0.135561302956 109 0.44151847011 97 0.30370414967 89 0.135561302956 76 0.0593113561944 61 0.115711277699 48 0.192148883055 45 0.213449716541 41 0.310822656427 40 0.135561302956 35 0.111296782519 31 0.18314288134 22 0.225074654508 14 0.406162333921 11 0.0748421859696 
187 0.319532575019 171 0.164443259621 161 0.332630959442 154 0.330690290368 151 0.307459735537 105 0.224718024475 104 0.249962961308 97 0.18179649305 76 0.319532575019 48 0.172529712489 45 0.191655645562 31 0.164443259621 22 0.173223112115 20 0.332630959442 18 0.272040725044 
193 0.312060412661 187 0.195461971473 171 0.100591946593 105 0.137462755047 97 0.22241426206 63 0.419595280389 48 0.105538528392 45 0.117238094812 43 0.485011506209 35 0.36678116849 31 0.100591946593 22 0.211925378793 18 0.166410627883 14 0.267703507794 11 0.246644186841 
187 0.265633518359 172 0.659132371723 161 0.276522454921 154 0.27490913974 105 0.186812375784 104 0.20779897282 76 0.265633518359 48 0.143427237574 45 0.159326990185 22 0.144003673896 20 0.276522454921 18 0.22615263851 
171 0.120985644759 163 0.215721775511 151 0.226206987305 146 0.433309922734 106 0.366590791474 105 0.330663052322 104 0.183904953657 97 0.13375291865 48 0.126935081157 45 0.141006581258 31 0.120985644759 30 0.362462733166 23 0.343812842823 22 0.127445235243 11 0.296648061616 
194 0.012927438087 190 0.0238149994114 186 0.0136510958851 184 0.0415311147708 182 0.0797004631296 179 0.121966842316 177 0.0162480535272 176 0.0298876736736 175 0.0119074997057 174 0.10442308202 171 0.0616668085905 168 0.0136510958851 166 0.025854876174 151 0.0300778687581 148 0.0136510958851 145 0.271476199827 144 0.0136510958851 143 0.012927438087 141 0.271476199827 139 0.271476199827 133 0.025854876174 129 0.271476199827 127 0.00944024572825 120 0.00777651268707 119 0.193667068979 117 0.284420886287 114 0.0136510958851 112 0.0119074997057 109 0.0387823142611 104 0.0692838707454 97 0.160061477455 92 0.271476199827 84 0.0136510958851 83 0.259688635306 82 0.226242494408 80 0.0955576711955 79 0.103419504696 74 0.155129257044 73 0.0546043835403 70 0.309153137268 69 0.0136510958851 66 0.271476199827 53 0.180984133218 48 0.0646992572439 45 0.071871550329 41 0.122859862966 37 0.0136510958851 35 0.00977614095013 33 0.0136510958851 31 0.0616668085905 27 0.0273021917701 24 0.0136510958851 22 0.0677836012963 14 0.164112749909 12 0.0934450082342 11 0.0065740243563 
193 0.273644493341 171 0.0882086645496 163 0.157279235648 151 0.164923832919 137 0.198479165289 124 0.406837764477 105 0.120540524949 104 0.134082108653 98 0.253214937756 97 0.0975170761557 94 0.3917492641 62 0.42530459647 57 0.253214937756 48 0.0925463017996 39 0.25066834814 31 0.0882086645496 22 0.092918246841 18 0.145924795668 11 0.21628127377 
171 0.122435835743 140 0.474131172986 120 0.35511563823 104 0.186109325144 97 0.135356144199 42 0.399853326139 31 0.122435835743 29 0.454941725977 16 0.446428967924 
185 0.243301838664 182 0.269085184874 176 0.269085184874 174 0.216956209264 171 0.0724173396615 163 0.129122732872 162 0.286910780825 153 0.286910780825 151 0.135398776161 137 0.162946953135 128 0.286910780825 126 0.199881363098 121 0.280435200934 55 0.280435200934 51 0.286910780825 45 0.084401099897 31 0.0724173396615 22 0.0762838013317 19 0.269085184874 8 0.254977717047 
200 0.405390401254 177 0.360172246645 171 0.11886733791 163 0.21194475787 137 0.267464541369 119 0.373307609985 105 0.162436778565 98 0.341224818716 97 0.131411072853 57 0.341224818716 48 0.12471260714 39 0.337793111298 31 0.11886733791 22 0.125213829068 
200 0.258924904583 195 0.36605953983 193 0.235525734123 180 0.36605953983 177 0.230043839981 171 0.0759211713722 163 0.135370191397 157 0.326198404061 137 0.170830958599 120 0.220203464642 119 0.238433463141 105 0.103749194013 98 0.2179420217 97 0.0839329184762 78 0.337178475228 57 0.2179420217 48 0.0796545744647 39 0.215750172774 31 0.0759211713722 22 0.0799747074513 
200 0.411847410593 196 0.0397839033856 192 0.0359802984586 185 0.0289801216294 179 0.0326989853219 178 0.0359802984586 177 0.261363590485 171 0.120760642509 170 0.124769220949 163 0.215320588369 151 0.0161275928828 137 0.252315778253 132 0.0350271140428 119 0.406343151964 105 0.165024051951 104 0.0262232768055 103 0.0439178690371 101 0.034174461528 98 0.346659806407 97 0.133504172546 87 0.0359802984586 86 0.0359802984586 72 0.0439178690371 58 0.0629029759297 57 0.321898391664 50 0.0359802984586 48 0.126699014481 42 0.0281701748282 39 0.343173439168 31 0.120760642509 22 0.127208219811 18 0.0142697125963 5 0.0350271140428 
171 0.268478291257 97 0.296810048177 48 0.281680638701 45 0.312906593731 31 0.268478291257 22 0.282812717615 14 0.71449636646 
171 0.124205134122 163 0.221462241356 146 0.444840519522 106 0.376345958344 105 0.339462163833 104 0.188798757737 97 0.137312151645 48 0.130312888039 45 0.144758837893 31 0.124205134122 30 0.372108050311 23 0.352961876928 22 0.130836617584 11 0.304542016975 
171 0.158298683941 163 0.282252272398 159 0.548357755376 151 0.147985607961 137 0.356189392679 97 0.175003497627 48 0.16608297896 45 0.184494253715 38 0.548357755376 31 0.158298683941 22 0.166750469063 
193 0.227862570399 189 0.354149273646 171 0.073450968409 163 0.130965730271 156 0.354149273646 137 0.165272731131 131 0.354149273646 105 0.200747133749 98 0.210850968992 97 0.0812020419607 58 0.2678189749 57 0.210850968992 48 0.077062899938 39 0.208730434979 32 0.354149273646 31 0.073450968409 22 0.077372616944 18 0.121510937859 12 0.284437914743 11 0.180096468847 
200 0.54518430509 196 0.368648470628 177 0.242186612451 171 0.0799286401648 163 0.142515653033 137 0.179848202709 119 0.502038157057 105 0.109225553897 98 0.229446004512 97 0.0883632841486 57 0.229446004512 48 0.0838591094525 39 0.227138459713 31 0.0799286401648 22 0.0841961405313 
187 0.319532575019 171 0.164443259621 161 0.332630959442 154 0.330690290368 151 0.307459735537 105 0.224718024475 104 0.249962961308 97 0.18179649305 76 0.319532575019 48 0.172529712489 45 0.191655645562 31 0.164443259621 22 0.173223112115 20 0.332630959442 18 0.272040725044 
187 0.335798277004 171 0.17281419036 161 0.349563430433 154 0.34752397223 105 0.236157222548 104 0.262687244695 97 0.191050784503 76 0.335798277004 48 0.181312281486 45 0.201411813972 31 0.17281419036 22 0.182040978395 20 0.349563430433 18 0.285888869826 
171 0.0909778642929 165 0.352310589878 163 0.162216818834 135 0.463211803516 127 0.320328366765 126 0.251110847369 105 0.248649485323 104 0.138291447302 97 0.201157003476 48 0.0954516761922 45 0.106033055736 42 0.297117273073 31 0.0909778642929 30 0.272561967288 23 0.258537764697 22 0.0958352979789 18 0.150505920536 11 0.223071151509 
175 0.33725962613 174 0.227508134639 173 0.33725962613 171 0.0759394438066 163 0.135402771807 155 0.308371610537 105 0.103774163996 104 0.115432206207 90 0.350249419506 77 0.366147641722 54 0.33725962613 48 0.079673745441 45 0.08850604859 36 0.366147641722 31 0.0759394438066 23 0.215802098749 22 0.0799939554761 
200 0.405390401254 177 0.360172246645 171 0.11886733791 163 0.21194475787 137 0.267464541369 119 0.373307609985 105 0.162436778565 98 0.341224818716 97 0.131411072853 57 0.341224818716 48 0.12471260714 39 0.337793111298 31 0.11886733791 22 0.125213829068 
171 0.0555597963735 158 0.440245516737 152 0.440245516737 126 0.460056992614 97 0.0614228649965 96 0.440245516737 82 0.246750242213 65 0.282881486405 48 0.0582919343509 45 0.0647539380195 31 0.0555597963735 15 0.220122758369 
196 0.46035234456 171 0.0998114459412 163 0.177967414048 159 0.345753856536 155 0.405310004815 137 0.224586695399 104 0.151718985973 97 0.110344266346 48 0.104719646832 45 0.116328435415 38 0.345753856536 31 0.0998114459412 22 0.105140516738 9 0.46035234456 
140 0.621046865644 126 0.442653752594 48 0.168260523591 45 0.186913191972 29 0.595911319624 
199 0.577337820746 190 0.0719424180666 171 0.113392969498 163 0.202183761215 159 0.392801207699 131 0.0781046549128 120 0.328887506583 104 0.172363662168 97 0.0179084299687 83 0.0747133312541 76 0.0314765518653 48 0.11896903814 45 0.132157455534 38 0.392801207699 31 0.113392969498 23 0.322236239487 
200 0.314970762614 177 0.279838217302 171 0.0923547670481 170 0.445295336145 163 0.164671886191 151 0.172675805123 137 0.207808350436 119 0.290043825021 105 0.126206333112 98 0.265116887428 97 0.102100705158 94 0.410162790832 57 0.265116887428 48 0.0968962877685 39 0.262450599575 31 0.0923547670481 22 0.0972857154718 
193 0.238381218639 182 0.285524770057 175 0.341266384853 174 0.230211008426 171 0.07684163015 163 0.137011402651 137 0.172902091756 121 0.297568208 97 0.0849505106729 90 0.354410501379 88 0.341266384853 63 0.320526507741 55 0.297568208 48 0.0806202965542 45 0.0895575304596 31 0.07684163015 22 0.080944310793 19 0.285524770057 
193 0.346374380049 171 0.111652973993 120 0.323840784678 105 0.152578073435 97 0.246870794915 63 0.465733714432 48 0.117143478826 45 0.130129522236 35 0.407112195891 31 0.111652973993 22 0.235228560618 18 0.184709036225 14 0.297140017724 11 0.273765027038 
171 0.272184314697 163 0.554645104499 151 0.36350235684 64 0.37495908373 45 0.362543882328 34 0.187479541865 31 0.311067788226 22 0.28671661076 
185 0.0274836069771 171 0.245409945833 151 0.214126842504 106 0.0247866944483 105 0.0111787369376 104 0.0248691238287 97 0.271307365317 80 0.291549851697 61 0.093031292894 54 0.0363302048892 49 0.0788841462949 48 0.257477913622 46 0.118326219442 45 0.28602085427 42 0.0267154853024 31 0.245409945833 22 0.258512721404 18 0.013532833909 14 0.653105000668 11 0.0200575820042 
187 0.335798277004 171 0.17281419036 161 0.349563430433 154 0.34752397223 105 0.236157222548 104 0.262687244695 97 0.191050784503 76 0.335798277004 48 0.181312281486 45 0.201411813972 31 0.17281419036 22 0.182040978395 20 0.349563430433 18 0.285888869826 
187 0.284960773821 177 0.444358740708 161 0.296641979597 154 0.294911281057 120 0.425350812506 105 0.20040467593 104 0.222918238858 76 0.284960773821 48 0.153862874153 22 0.154481251463 20 0.296641979597 18 0.242607300726 
174 0.261410876841 171 0.0872557661456 163 0.155580183368 151 0.163142197771 149 0.374897952012 137 0.196335039417 113 0.363966588791 97 0.192927242141 95 0.374897952012 48 0.091546544874 47 0.337896813471 45 0.10169501765 31 0.0872557661456 22 0.0919144718766 8 0.307223051205 3 0.374897952012 
200 0.405390401254 177 0.360172246645 171 0.11886733791 163 0.21194475787 137 0.267464541369 119 0.373307609985 105 0.162436778565 98 0.341224818716 97 0.131411072853 57 0.341224818716 48 0.12471260714 39 0.337793111298 31 0.11886733791 22 0.125213829068 
171 0.0987643456679 165 0.382463637189 163 0.176100396432 151 0.184659801013 134 0.424345032521 127 0.347744165993 126 0.272602558032 105 0.269930536504 104 0.150127334934 97 0.109186668533 48 0.103621055685 45 0.115108058981 31 0.0987643456679 30 0.295889605262 23 0.280665119578 22 0.104037510337 18 0.163387202771 11 0.242163041388 
187 0.217312881306 171 0.111837231486 161 0.22622104242 154 0.224901200811 151 0.209102189382 105 0.15282986837 104 0.169998853289 97 0.123639099124 94 0.496687636723 76 0.217312881306 62 0.539231478567 48 0.117336797132 45 0.130344271013 31 0.111837231486 22 0.117808375564 20 0.22622104242 18 0.185013855907 
187 0.323928843322 184 0.322782902262 171 0.166705741592 161 0.281006200851 154 0.335240071377 105 0.227809792906 104 0.253402060573 97 0.184297728363 76 0.323928843322 48 0.1749034514 45 0.194292527387 31 0.166705741592 22 0.17560639112 20 0.337207441021 18 0.275783579796 
187 0.319532575019 171 0.164443259621 161 0.332630959442 154 0.330690290368 151 0.307459735537 105 0.224718024475 104 0.249962961308 97 0.18179649305 76 0.319532575019 48 0.172529712489 45 0.191655645562 31 0.164443259621 22 0.173223112115 20 0.332630959442 18 0.272040725044 
180 0.529335103711 171 0.03659490397 113 0.152646901786 97 0.080913321964 68 0.558966456265 65 0.186322152088 61 0.138725886521 48 0.0383944484868 45 0.0426506988538 40 0.162524019305 31 0.03659490397 26 0.529335103711 22 0.0385487563787 14 0.0973893486701 
187 0.319532575019 171 0.164443259621 161 0.332630959442 154 0.330690290368 151 0.307459735537 105 0.224718024475 104 0.249962961308 97 0.18179649305 76 0.319532575019 48 0.172529712489 45 0.191655645562 31 0.164443259621 22 0.173223112115 20 0.332630959442 18 0.272040725044 
187 0.279071655075 184 0.556168804485 171 0.14362057648 161 0.290511452158 154 0.28881652096 105 0.196263028931 104 0.218311317134 97 0.158776450881 76 0.279071655075 48 0.15068307953 45 0.167387184885 31 0.14362057648 22 0.151288677195 20 0.290511452158 18 0.237593476601 
187 0.319532575019 171 0.164443259621 161 0.332630959442 154 0.330690290368 151 0.307459735537 105 0.224718024475 104 0.249962961308 97 0.18179649305 76 0.319532575019 48 0.172529712489 45 0.191655645562 31 0.164443259621 22 0.173223112115 20 0.332630959442 18 0.272040725044 
171 0.124205134122 163 0.221462241356 146 0.444840519522 106 0.376345958344 105 0.339462163833 104 0.188798757737 97 0.137312151645 48 0.130312888039 45 0.144758837893 31 0.124205134122 30 0.372108050311 23 0.352961876928 22 0.130836617584 11 0.304542016975 
171 0.10049256638 165 0.389156149297 163 0.179181876397 134 0.431770403177 127 0.353829141963 126 0.277372674046 105 0.274653896344 104 0.152754327174 97 0.111097263503 48 0.105434261184 45 0.11712226897 31 0.10049256638 30 0.301067207976 23 0.285576317738 22 0.105858003136 18 0.166246221842 11 0.246400513736 
187 0.335798277004 171 0.17281419036 161 0.349563430433 154 0.34752397223 105 0.236157222548 104 0.262687244695 97 0.191050784503 76 0.335798277004 48 0.181312281486 45 0.201411813972 31 0.17281419036 22 0.182040978395 20 0.349563430433 18 0.285888869826 
191 0.330645334143 174 0.194557526524 171 0.0649409322267 158 0.257289948233 152 0.257289948233 126 0.179245497211 110 0.330645334143 105 0.0887442758744 99 0.330645334143 97 0.0717939656598 96 0.257289948233 59 0.313117505135 48 0.0681343850254 45 0.075687482223 31 0.0649409322267 28 0.313117505135 15 0.257289948233 1 0.330645334143 
187 0.335798277004 171 0.17281419036 161 0.349563430433 154 0.34752397223 105 0.236157222548 104 0.262687244695 97 0.191050784503 76 0.335798277004 48 0.181312281486 45 0.201411813972 31 0.17281419036 22 0.182040978395 20 0.349563430433 18 0.285888869826 
187 0.222684391143 171 0.114601608753 161 0.231812742955 154 0.230460277682 105 0.313214991967 104 0.174200861505 97 0.126695193329 76 0.222684391143 49 0.552560127903 48 0.120237111905 45 0.133566102731 31 0.114601608753 29 0.425831647814 22 0.120720346747 20 0.231812742955 18 0.189587002887 
171 0.157918659276 163 0.281574674692 137 0.355334295523 105 0.215801907734 98 0.453326934303 97 0.174583370032 57 0.453326934303 48 0.165684266685 39 0.448767812815 31 0.157918659276 22 0.166350154357 
200 0.313185024935 193 0.28488234082 177 0.278251664809 171 0.0918311584884 163 0.163738273212 157 0.394556311508 137 0.206630173775 119 0.288399411481 105 0.125490801923 98 0.263613798026 97 0.101521841664 78 0.407837358643 57 0.263613798026 48 0.0963469308993 39 0.260962626785 31 0.0918311584884 22 0.0967341507288 
192 0.261703553057 185 0.210787601086 179 0.237836844237 178 0.261703553057 151 0.117304428827 132 0.254770543632 105 0.0857361678985 104 0.0953678124806 101 0.24856875537 93 0.269563550878 87 0.261703553057 86 0.261703553057 58 0.457526285326 50 0.261703553057 42 0.204896433843 18 0.103791092558 5 0.254770543632 
185 0.244765424046 182 0.270703870312 176 0.270703870312 174 0.218261312169 171 0.0728529671122 163 0.129899472355 162 0.288636696367 153 0.288636696367 137 0.163927162656 128 0.288636696367 126 0.201083752044 121 0.282122162541 97 0.0805409352735 55 0.282122162541 51 0.288636696367 45 0.0849088158136 31 0.0728529671122 22 0.076742687533 19 0.270703870312 8 0.256511538828 
187 0.319532575019 171 0.164443259621 161 0.332630959442 154 0.330690290368 151 0.307459735537 105 0.224718024475 104 0.249962961308 97 0.18179649305 76 0.319532575019 48 0.172529712489 45 0.191655645562 31 0.164443259621 22 0.173223112115 20 0.332630959442 18 0.272040725044 
200 0.301023585382 195 0.425577274308 177 0.2674467395 171 0.0882652182482 163 0.157380072936 137 0.198606417311 120 0.256006414474 119 0.277200434101 105 0.120617807749 98 0.25337728282 97 0.0975795978066 85 0.449400425589 57 0.25337728282 48 0.0926056365111 39 0.250829060495 31 0.0882652182482 22 0.0929778200196 
171 0.268478291257 97 0.296810048177 48 0.281680638701 45 0.312906593731 31 0.268478291257 22 0.282812717615 14 0.71449636646 
171 0.157918659276 163 0.281574674692 137 0.355334295523 105 0.215801907734 98 0.453326934303 97 0.174583370032 57 0.453326934303 48 0.165684266685 39 0.448767812815 31 0.157918659276 22 0.166350154357 
171 0.157918659276 163 0.281574674692 137 0.355334295523 105 0.215801907734 98 0.453326934303 97 0.174583370032 57 0.453326934303 48 0.165684266685 39 0.448767812815 31 0.157918659276 22 0.166350154357 
177 0.0472067395649 174 0.0466751599999 171 0.124636798437 165 0.361990779179 163 0.222231914426 134 0.133876769822 127 0.329129803105 126 0.129005221403 120 0.180749679844 105 0.340641935537 104 0.189454911664 97 0.137789368279 48 0.13076577933 45 0.145261934848 31 0.124636798437 30 0.37340128 23 0.354188565729 22 0.131291329053 18 0.154641265438 11 0.305600426696 
187 0.31486384831 177 0.490988641186 161 0.327770850752 154 0.325858537015 105 0.221434643922 104 0.246310724119 76 0.31486384831 48 0.170008861285 22 0.17069212957 20 0.327770850752 18 0.268065907144 
187 0.319532575019 171 0.164443259621 161 0.332630959442 154 0.330690290368 151 0.307459735537 105 0.224718024475 104 0.249962961308 97 0.18179649305 76 0.319532575019 48 0.172529712489 45 0.191655645562 31 0.164443259621 22 0.173223112115 20 0.332630959442 18 0.272040725044 
171 0.149413783923 140 0.578602924556 120 0.216681541462 97 0.165180999167 42 0.487958432348 31 0.149413783923 29 0.555185206438 
171 0.145179072412 163 0.258859531063 159 0.502910499908 137 0.326668828475 120 0.421080630881 97 0.160499410493 48 0.152318214078 45 0.169203583712 38 0.502910499908 31 0.145179072412 22 0.152930383375 
183 0.150256786365 171 0.093490293132 163 0.166696570222 151 0.116532599625 130 0.158667926641 105 0.12775807308 97 0.206712120215 64 0.450770359096 59 0.450770359096 45 0.108961246118 34 0.450770359096 31 0.093490293132 28 0.450770359096 22 0.0984818688599 
171 0.239278272199 97 0.264528633458 61 0.453534329031 48 0.251044716594 45 0.278874499525 31 0.239278272199 22 0.252053669256 14 0.636786889766 
200 0.4402189596 181 0.438137513479 177 0.391115949476 171 0.0860531077585 163 0.153435800015 137 0.193628926202 119 0.405379819478 105 0.117594873879 98 0.24702711957 97 0.0951340495355 57 0.24702711957 48 0.0902847460857 39 0.244542761012 31 0.0860531077585 22 0.0906476018991 
177 0.0862934887659 171 0.113917464592 158 0.4513304254 152 0.4513304254 126 0.314427155289 96 0.4513304254 48 0.119519325139 45 0.132768745082 31 0.113917464592 15 0.4513304254 13 0.145002069008 
187 0.319532575019 171 0.164443259621 161 0.332630959442 154 0.330690290368 151 0.307459735537 105 0.224718024475 104 0.249962961308 97 0.18179649305 76 0.319532575019 48 0.172529712489 45 0.191655645562 31 0.164443259621 22 0.173223112115 20 0.332630959442 18 0.272040725044 
171 0.115522304721 169 0.392119522934 164 0.196059761467 163 0.205980442846 127 0.406748075302 105 0.315731324707 104 0.175600370922 97 0.127713047745 75 0.185666443856 48 0.121203082848 45 0.134639157233 31 0.115522304721 30 0.346095029655 23 0.328287311066 22 0.121690199943 18 0.191110122771 11 0.283252346484 
193 0.227862570399 189 0.354149273646 171 0.073450968409 163 0.130965730271 156 0.354149273646 137 0.165272731131 131 0.354149273646 105 0.200747133749 98 0.210850968992 97 0.0812020419607 58 0.2678189749 57 0.210850968992 48 0.077062899938 39 0.208730434979 32 0.354149273646 31 0.073450968409 22 0.077372616944 18 0.121510937859 12 0.284437914743 11 0.180096468847 
171 0.124205134122 163 0.221462241356 146 0.444840519522 106 0.376345958344 105 0.339462163833 104 0.188798757737 97 0.137312151645 48 0.130312888039 45 0.144758837893 31 0.124205134122 30 0.372108050311 23 0.352961876928 22 0.130836617584 11 0.304542016975 
192 0.261703553057 185 0.210787601086 179 0.237836844237 178 0.261703553057 151 0.117304428827 132 0.254770543632 105 0.0857361678985 104 0.0953678124806 101 0.24856875537 93 0.269563550878 87 0.261703553057 86 0.261703553057 58 0.457526285326 50 0.261703553057 42 0.204896433843 18 0.103791092558 5 0.254770543632 
171 0.268478291257 97 0.296810048177 48 0.281680638701 45 0.312906593731 31 0.268478291257 22 0.282812717615 14 0.71449636646 
171 0.0651456650651 150 0.663375453811 97 0.0720203033773 81 0.663375453811 61 0.246957613184 48 0.0683491855459 45 0.0759260946442 31 0.0651456650651 22 0.0686238819968 14 0.173370967022 
171 0.124205134122 163 0.221462241356 146 0.444840519522 106 0.376345958344 105 0.339462163833 104 0.188798757737 97 0.137312151645 48 0.130312888039 45 0.144758837893 31 0.124205134122 30 0.372108050311 23 0.352961876928 22 0.130836617584 11 0.304542016975 
171 0.128003263882 105 0.174921371981 97 0.141511087328 48 0.134297789804 45 0.14918548945 35 0.466729080084 31 0.128003263882 22 0.134837534732 21 0.617177198751 18 0.211757543573 14 0.340652745184 11 0.313854756792 
188 0.123106568855 179 0.105080270436 171 0.0277194293164 166 0.133651277457 154 0.0557429118748 148 0.141132867273 145 0.267302554913 141 0.267302554913 139 0.267302554913 133 0.133651277457 129 0.267302554913 127 0.0975986806196 119 0.174107944036 117 0.383544316647 97 0.0919337475556 92 0.267302554913 83 0.255696211098 82 0.123106568855 79 0.133651277457 74 0.133651277457 70 0.383544316647 66 0.267302554913 53 0.133651277457 48 0.0290825247647 45 0.0323064936348 31 0.0277194293164 22 0.0291994078888 14 0.0737692102933 
171 0.160061033627 163 0.285394605557 159 0.554462658424 137 0.360154872674 97 0.176951823106 48 0.167931991716 45 0.186548240406 38 0.554462658424 31 0.160061033627 22 0.16860691303 
187 0.21915391366 171 0.112784694703 161 0.228137542978 160 0.574240802949 154 0.226806519928 105 0.154124613213 104 0.342878100848 97 0.124686545462 76 0.21915391366 48 0.118330851596 45 0.131448522259 31 0.112784694703 22 0.118806425149 20 0.456275085956 18 0.186581257216 
171 0.268478291257 97 0.296810048177 48 0.281680638701 45 0.312906593731 31 0.268478291257 22 0.282812717615 14 0.71449636646 
187 0.25210335021 171 0.12974169118 161 0.262437653669 154 0.260906513456 105 0.177296999592 104 0.197214634441 97 0.143432965956 76 0.25210335021 56 0.660576979134 48 0.136121703795 45 0.151211595031 31 0.12974169118 22 0.136668779061 20 0.262437653669 18 0.214633447539 
187 0.319532575019 171 0.164443259621 161 0.332630959442 154 0.330690290368 151 0.307459735537 105 0.224718024475 104 0.249962961308 97 0.18179649305 76 0.319532575019 48 0.172529712489 45 0.191655645562 31 0.164443259621 22 0.173223112115 20 0.332630959442 18 0.272040725044 
187 0.361428083412 161 0.376243862296 154 0.374048742428 105 0.25418192461 104 0.282736850927 76 0.361428083412 48 0.195150942945 22 0.195935257652 20 0.376243862296 18 0.307709340297 
171 0.383738232316 97 0.424233045764 48 0.402608456225 45 0.44723997086 31 0.383738232316 22 0.404226545938 
192 0.261703553057 185 0.210787601086 179 0.237836844237 178 0.261703553057 151 0.117304428827 132 0.254770543632 105 0.0857361678985 104 0.0953678124806 101 0.24856875537 93 0.269563550878 87 0.261703553057 86 0.261703553057 58 0.457526285326 50 0.261703553057 42 0.204896433843 18 0.103791092558 5 0.254770543632 
200 0.280410071842 193 0.0956509786097 190 0.149382407637 183 0.0991086411981 180 0.0991086411981 179 0.269184780164 177 0.280274066432 174 0.100770179044 173 0.0912892491113 171 0.0102776233292 166 0.0405444441265 163 0.0183253737005 138 0.0912892491113 137 0.0462515583918 136 0.0523282940876 133 0.081088888253 125 0.313969764526 120 0.18698654202 119 0.258218283934 117 0.077567988436 115 0.104656588175 114 0.171256235196 105 0.0140447666639 104 0.0979960762074 103 0.104656588175 98 0.0295033120032 97 0.0681731516068 91 0.104656588175 89 0.195027032192 88 0.0373456019092 82 0.16598045293 76 0.0199706297176 74 0.202722220633 73 0.156984882263 70 0.077567988436 68 0.0523282940876 61 0.0318771450194 57 0.0295033120032 53 0.202722220633 52 0.137956411686 48 0.01078302268 39 0.0292065963802 31 0.0102776233292 26 0.396434564792 24 0.0523282940876 22 0.0108263598176 12 0.130254420946 10 0.104656588175 4 0.0474026595998 
197 0.148899975167 171 0.116979762875 165 0.226501301072 164 0.148899975167 163 0.208579143388 134 0.251304157111 127 0.411879710272 126 0.161439750256 118 0.148899975167 105 0.319714669695 104 0.177815788915 97 0.129324307347 48 0.122732211112 45 0.136337798357 31 0.116979762875 30 0.350461450704 23 0.332429065504 22 0.123225473798 18 0.193521215653 11 0.286825928598 
174 0.261410876841 171 0.0872557661456 163 0.155580183368 151 0.163142197771 149 0.374897952012 137 0.196335039417 113 0.363966588791 97 0.192927242141 95 0.374897952012 48 0.091546544874 47 0.337896813471 45 0.10169501765 31 0.0872557661456 22 0.0919144718766 8 0.307223051205 3 0.374897952012 
171 0.383738232316 97 0.424233045764 48 0.402608456225 45 0.44723997086 31 0.383738232316 22 0.404226545938 
184 0.10834529599 173 0.528087603308 171 0.10491832972 151 0.143855001745 120 0.0202871647801 104 0.159481735236 94 0.0621279533303 62 0.0674495309681 54 0.497023626642 48 0.110077660241 45 0.122280416115 36 0.505871482261 33 0.035612625195 31 0.10491832972 23 0.318030186382 
187 0.335798277004 171 0.17281419036 161 0.349563430433 154 0.34752397223 105 0.236157222548 104 0.262687244695 97 0.191050784503 76 0.335798277004 48 0.181312281486 45 0.201411813972 31 0.17281419036 22 0.182040978395 20 0.349563430433 18 0.285888869826 
185 0.243301838664 182 0.269085184874 176 0.269085184874 174 0.216956209264 171 0.0724173396615 163 0.129122732872 162 0.286910780825 153 0.286910780825 151 0.135398776161 137 0.162946953135 128 0.286910780825 126 0.199881363098 121 0.280435200934 55 0.280435200934 51 0.286910780825 45 0.084401099897 31 0.0724173396615 22 0.0762838013317 19 0.269085184874 8 0.254977717047 
171 0.098739209356 165 0.38236629715 163 0.17605557748 146 0.353634344488 127 0.347655662336 126 0.272533178512 106 0.299183303766 105 0.269861837034 104 0.150089126333 97 0.109158879658 48 0.103594683302 45 0.115078763064 31 0.098739209356 30 0.295814299003 23 0.280593688072 22 0.104011031962 18 0.163345619427 11 0.242101408967 
187 0.31486384831 177 0.490988641186 161 0.327770850752 154 0.325858537015 105 0.221434643922 104 0.246310724119 76 0.31486384831 48 0.170008861285 22 0.17069212957 20 0.327770850752 18 0.268065907144 
184 0.3180277454 171 0.246374811547 120 0.238197005845 97 0.27237405059 48 0.258490226348 45 0.287145387813 31 0.246374811547 22 0.25952910263 14 0.655672780148 
187 0.319532575019 171 0.164443259621 161 0.332630959442 154 0.330690290368 151 0.307459735537 105 0.224718024475 104 0.249962961308 97 0.18179649305 76 0.319532575019 48 0.172529712489 45 0.191655645562 31 0.164443259621 22 0.173223112115 20 0.332630959442 18 0.272040725044 
171 0.12994742068 163 0.231700945745 146 0.46540651105 106 0.393745290129 105 0.177578136849 104 0.197527354799 97 0.14366040551 48 0.136337549988 45 0.151451369043 31 0.12994742068 30 0.389311453945 23 0.36928010931 22 0.136885492744 11 0.318621688825 
171 0.148245665511 163 0.264327377347 151 0.332610092144 137 0.33356899913 105 0.202583390571 104 0.0901366845623 98 0.425559293485 97 0.163889612514 57 0.425559293485 48 0.155535606065 39 0.421279431927 31 0.148245665511 22 0.15616070611 
187 0.216940581011 181 0.568441290194 177 0.338290221822 161 0.225833480669 154 0.224515900211 106 0.112763407274 105 0.203424053777 104 0.226276815143 88 0.330557807845 76 0.216940581011 48 0.117135775803 22 0.117606546327 20 0.301111307558 18 0.184696890282 
185 0.243301838664 182 0.269085184874 176 0.269085184874 174 0.216956209264 171 0.0724173396615 163 0.129122732872 162 0.286910780825 153 0.286910780825 151 0.135398776161 137 0.162946953135 128 0.286910780825 126 0.199881363098 121 0.280435200934 55 0.280435200934 51 0.286910780825 45 0.084401099897 31 0.0724173396615 22 0.0762838013317 19 0.269085184874 8 0.254977717047 
199 0.155683506612 198 0.155683506612 193 0.189716099362 174 0.183213823631 171 0.152886355979 163 0.272601896108 151 0.0571703561275 142 0.271597434341 120 0.0886870017273 107 0.294861146657 104 0.0929583282943 102 0.294861146657 89 0.271597434341 82 0.135798717171 76 0.118830461337 60 0.271597434341 48 0.160404501233 46 0.294861146657 45 0.178186283343 31 0.152886355979 22 0.161049169444 12 0.236820165775 7 0.294861146657 
187 0.319532575019 171 0.164443259621 161 0.332630959442 154 0.330690290368 151 0.307459735537 105 0.224718024475 104 0.249962961308 97 0.18179649305 76 0.319532575019 48 0.172529712489 45 0.191655645562 31 0.164443259621 22 0.173223112115 20 0.332630959442 18 0.272040725044 
187 0.241965668973 171 0.124524466152 161 0.251884405269 160 0.317006796084 154 0.250414835881 105 0.17016746139 104 0.378568320603 97 0.137665181884 76 0.241965668973 48 0.130647923135 45 0.1451310136 31 0.124524466152 22 0.131172999192 20 0.503768810537 18 0.206002521087 4 0.287167114992 
187 0.319532575019 171 0.164443259621 161 0.332630959442 154 0.330690290368 151 0.307459735537 105 0.224718024475 104 0.249962961308 97 0.18179649305 76 0.319532575019 48 0.172529712489 45 0.191655645562 31 0.164443259621 22 0.173223112115 20 0.332630959442 18 0.272040725044 
171 0.268478291257 97 0.296810048177 48 0.281680638701 45 0.312906593731 31 0.268478291257 22 0.282812717615 14 0.71449636646 
187 0.252000026317 171 0.12968851689 161 0.262330094289 154 0.260799581609 151 0.242478756484 106 0.392960802468 105 0.177224334884 104 0.197133806543 97 0.143374180333 76 0.252000026317 48 0.136065914673 45 0.151149621357 31 0.12968851689 22 0.136612765723 20 0.262330094289 18 0.214545480586 16 0.472873896724 
187 0.291046529316 177 0.453848673697 161 0.372895020779 154 0.301209544237 151 0.0215423055975 120 0.033418061792 105 0.204684611872 104 0.245192753048 88 0.0511701808979 85 0.0586629488271 76 0.291046529316 52 0.117325897654 48 0.15714884162 25 0.0586629488271 22 0.157780425284 20 0.396200959578 18 0.247788535651 
200 0.354405455685 193 0.214918440701 177 0.314874276259 171 0.103917687562 167 0.0440912191908 163 0.185288991206 157 0.297657717197 137 0.233826189199 120 0.0251170988991 119 0.326357637522 105 0.142007507699 98 0.298309819359 97 0.114883828064 78 0.307677088467 75 0.0417539010105 72 0.0440912191908 57 0.298309819359 48 0.109027811774 39 0.295309709274 31 0.103917687562 22 0.109465996263 
171 0.211829182522 120 0.614394101943 97 0.234182918758 48 0.222245825348 45 0.246883081852 31 0.211829182522 22 0.223139034813 14 0.563737129411 
187 0.319532575019 171 0.164443259621 161 0.332630959442 154 0.330690290368 151 0.307459735537 105 0.224718024475 104 0.249962961308 97 0.18179649305 76 0.319532575019 48 0.172529712489 45 0.191655645562 31 0.164443259621 22 0.173223112115 20 0.332630959442 18 0.272040725044 
171 0.361199532357 151 0.337667572847 97 0.399315900361 48 0.378961421785 45 0.420971523612 31 0.361199532357 22 0.380484473694 
171 0.0867929856844 151 0.0540923122185 140 0.336104702186 127 0.305593625076 126 0.239560033095 111 0.441904585735 104 0.131930197519 97 0.0959520046923 42 0.283450215378 31 0.0867929856844 29 0.645003163824 
185 0.243301838664 182 0.269085184874 176 0.269085184874 174 0.216956209264 171 0.0724173396615 163 0.129122732872 162 0.286910780825 153 0.286910780825 151 0.135398776161 137 0.162946953135 128 0.286910780825 126 0.199881363098 121 0.280435200934 55 0.280435200934 51 0.286910780825 45 0.084401099897 31 0.0724173396615 22 0.0762838013317 19 0.269085184874 8 0.254977717047 
187 0.319532575019 171 0.164443259621 161 0.332630959442 154 0.330690290368 151 0.307459735537 105 0.224718024475 104 0.249962961308 97 0.18179649305 76 0.319532575019 48 0.172529712489 45 0.191655645562 31 0.164443259621 22 0.173223112115 20 0.332630959442 18 0.272040725044 
171 0.268478291257 97 0.296810048177 48 0.281680638701 45 0.312906593731 31 0.268478291257 22 0.282812717615 14 0.71449636646 
200 0.231859741636 193 0.210906463209 190 0.301933544313 185 0.228411122106 177 0.205997586014 171 0.067985206782 163 0.121220079826 157 0.292101209073 137 0.152974168275 125 0.346145191368 120 0.394371630659 119 0.213510250203 105 0.0929043938726 98 0.195160758771 97 0.150318987847 57 0.195160758771 48 0.0713283609596 39 0.193198021634 31 0.067985206782 26 0.327795699935 22 0.0716150307633 
193 0.322791292139 171 0.104051020578 163 0.185526728792 137 0.234126203104 105 0.284379424767 98 0.298692569871 97 0.115031231338 58 0.37939374078 57 0.298692569871 48 0.109167701406 39 0.295688610454 31 0.104051020578 22 0.109606448114 18 0.17213302111 12 0.402936216653 11 0.255125586388 
193 0.312721029038 171 0.100804894742 163 0.179738769151 137 0.226822064109 123 0.513245913823 120 0.292376772827 105 0.275507513728 98 0.289374125297 97 0.111442550997 57 0.289374125297 48 0.105761948209 39 0.286463881733 31 0.100804894742 22 0.106187007141 18 0.166762910908 11 0.24716632032 
171 0.268478291257 97 0.296810048177 48 0.281680638701 45 0.312906593731 31 0.268478291257 22 0.282812717615 14 0.71449636646 
175 0.33725962613 174 0.227508134639 173 0.33725962613 171 0.0759394438066 163 0.135402771807 155 0.308371610537 105 0.103774163996 104 0.115432206207 90 0.350249419506 77 0.366147641722 54 0.33725962613 48 0.079673745441 45 0.08850604859 36 0.366147641722 31 0.0759394438066 23 0.215802098749 22 0.0799939554761 
187 0.319532575019 171 0.164443259621 161 0.332630959442 154 0.330690290368 151 0.307459735537 105 0.224718024475 104 0.249962961308 97 0.18179649305 76 0.319532575019 48 0.172529712489 45 0.191655645562 31 0.164443259621 22 0.173223112115 20 0.332630959442 18 0.272040725044 
171 0.0877854906493 163 0.156524701295 122 0.446957903026 106 0.265993147873 105 0.239924483152 104 0.133438860633 97 0.0970492459071 48 0.0921023184371 45 0.10231240198 31 0.0877854906493 30 0.262997886538 23 0.249465787109 22 0.0924724791023 17 0.446957903026 11 0.215243681934 2 0.446957903026 
171 0.120719028888 163 0.21524638978 159 0.418179191792 138 0.536133167543 137 0.271631049064 119 0.379122919266 97 0.133458167558 48 0.126655354522 45 0.14069584528 38 0.418179191792 31 0.120719028888 22 0.127164384382 
171 0.117531373474 150 0.598408413957 97 0.129934127858 81 0.598408413957 61 0.222772055811 48 0.123310947014 45 0.0684903452681 40 0.260988131395 31 0.117531373474 22 0.0619032678241 14 0.312784094756 
193 0.195701855364 179 0.23914228466 174 0.188994425531 171 0.0630840368858 163 0.112481116834 142 0.280166638421 107 0.304164346988 102 0.304164346988 100 0.321190992183 89 0.280166638421 60 0.280166638421 48 0.0661861773578 45 0.0735233042804 31 0.0630840368858 22 0.0664521806448 19 0.234404906441 12 0.244292107974 7 0.304164346988 6 0.321190992183 
200 0.313185024935 193 0.28488234082 177 0.278251664809 171 0.0918311584884 163 0.163738273212 157 0.394556311508 137 0.206630173775 119 0.288399411481 105 0.125490801923 98 0.263613798026 97 0.101521841664 78 0.407837358643 57 0.263613798026 48 0.0963469308993 39 0.260962626785 31 0.0918311584884 22 0.0967341507288 
172 0.571055540289 171 0.118437578645 106 0.358870060842 105 0.161849496039 97 0.130935962305 61 0.448979401842 48 0.12426171458 45 0.138036856277 31 0.118437578645 22 0.124761124363 18 0.195932900146 14 0.315195762004 11 0.290400387562 
171 0.100892478535 163 0.179894934218 122 0.513691844787 106 0.305707785692 105 0.137873443478 104 0.15336221604 97 0.11153937726 48 0.105853838911 45 0.117588359356 31 0.100892478535 30 0.302265310885 23 0.286712774343 22 0.106279267154 11 0.247381069453 2 0.513691844787 
187 0.274045560372 171 0.141033962592 161 0.285279326128 154 0.283614920726 151 0.263691348252 105 0.192728321797 104 0.214379519208 97 0.155916878924 76 0.274045560372 48 0.147969269603 45 0.164372533171 31 0.141033962592 22 0.148563960423 20 0.285279326128 18 0.233314406002 16 0.514241978095 
187 0.319532575019 171 0.164443259621 161 0.332630959442 154 0.330690290368 151 0.307459735537 105 0.224718024475 104 0.249962961308 97 0.18179649305 76 0.319532575019 48 0.172529712489 45 0.191655645562 31 0.164443259621 22 0.173223112115 20 0.332630959442 18 0.272040725044 
171 0.268478291257 97 0.296810048177 48 0.281680638701 45 0.312906593731 31 0.268478291257 22 0.282812717615 14 0.71449636646 
171 0.11754477882 140 0.455190619003 120 0.340929507262 97 0.129948947832 42 0.383880017611 31 0.11754477882 29 0.43676775048 4 0.54214237666 
187 0.319532575019 171 0.164443259621 161 0.332630959442 154 0.330690290368 151 0.307459735537 105 0.224718024475 104 0.249962961308 97 0.18179649305 76 0.319532575019 48 0.172529712489 45 0.191655645562 31 0.164443259621 22 0.173223112115 20 0.332630959442 18 0.272040725044 
171 0.135903753372 163 0.242321302122 64 0.655269992829 45 0.158393367091 34 0.655269992829 31 0.135903753372 22 0.143159842255 
171 0.122052483525 163 0.217623987572 127 0.429740497987 106 0.369823350742 105 0.333578804544 104 0.185526608309 97 0.134932337902 48 0.12805438143 45 0.142249962547 31 0.122052483525 30 0.365658891648 23 0.346844548522 22 0.128569034001 18 0.201913086544 11 0.299263873206 
182 0.297050983903 171 0.0799436134255 165 0.309580597674 163 0.142542350898 127 0.562954677402 126 0.220654866599 100 0.407031156888 97 0.0883798374953 90 0.3687175306 48 0.0838748190192 45 0.0931728358759 35 0.291492638711 31 0.0799436134255 22 0.084211913235 
187 0.247224307628 184 0.492699437986 171 0.127230755743 161 0.257358607769 154 0.255857100237 105 0.173865709964 104 0.193397871996 97 0.140657058583 76 0.247224307628 48 0.133487293785 45 0.148285145182 31 0.127230755743 22 0.134023781317 20 0.257358607769 18 0.210479572832 16 0.463912339304 
194 0.264171144436 190 0.243328786682 175 0.243328786682 171 0.054789400483 168 0.278959032601 144 0.278959032601 143 0.264171144436 97 0.0605711714003 84 0.278959032601 69 0.278959032601 48 0.0574836544506 45 0.0638560555397 37 0.278959032601 31 0.054789400483 27 0.557918065202 22 0.0577146821613 14 0.14581002949 
187 0.235950280992 171 0.121428725421 161 0.245622432524 154 0.244189397369 120 0.35219459291 105 0.165937012887 104 0.184578461069 97 0.134242756364 76 0.235950280992 56 0.618251696034 48 0.12739995019 45 0.141522983756 31 0.121428725421 22 0.127911972592 20 0.245622432524 18 0.200881195013 
187 0.319532575019 171 0.164443259621 161 0.332630959442 154 0.330690290368 151 0.307459735537 105 0.224718024475 104 0.249962961308 97 0.18179649305 76 0.319532575019 48 0.172529712489 45 0.191655645562 31 0.164443259621 22 0.173223112115 20 0.332630959442 18 0.272040725044 
171 0.119311398374 163 0.21273653372 159 0.413303060862 138 0.529881647687 137 0.268463726094 106 0.361517765589 104 0.181360005415 97 0.131901993765 48 0.125178504158 45 0.13905527737 38 0.413303060862 31 0.119311398374 22 0.125681598533 
171 0.160061033627 163 0.285394605557 159 0.554462658424 137 0.360154872674 97 0.176951823106 48 0.167931991716 45 0.186548240406 38 0.554462658424 31 0.160061033627 22 0.16860691303 
171 0.158683128306 163 0.28293775059 159 0.54968949765 48 0.166486328273 45 0.184942316671 38 0.54968949765 31 0.158683128306 23 0.450940254603 
171 0.124570593947 163 0.222113869428 146 0.446149413391 106 0.377453314566 105 0.255345745187 104 0.284031415698 97 0.137716177415 48 0.130696319252 45 0.145184774711 31 0.124570593947 30 0.37320293696 23 0.354000428086 22 0.131221589813 11 0.305438098067 
187 0.319532575019 171 0.164443259621 161 0.332630959442 154 0.330690290368 151 0.307459735537 105 0.224718024475 104 0.249962961308 97 0.18179649305 76 0.319532575019 48 0.172529712489 45 0.191655645562 31 0.164443259621 22 0.173223112115 20 0.332630959442 18 0.272040725044 
187 0.335798277004 171 0.17281419036 161 0.349563430433 154 0.34752397223 105 0.236157222548 104 0.262687244695 97 0.191050784503 76 0.335798277004 48 0.181312281486 45 0.201411813972 31 0.17281419036 22 0.182040978395 20 0.349563430433 18 0.285888869826 
193 0.353742229772 187 0.221569769247 171 0.114027983176 120 0.330729314468 105 0.155823614621 97 0.252122069324 63 0.475640498006 48 0.119635278445 45 0.132897552494 35 0.415772020787 31 0.114027983176 22 0.240232189018 18 0.188638046278 11 0.279588377997 
174 0.261410876841 171 0.0872557661456 163 0.155580183368 151 0.163142197771 149 0.374897952012 137 0.196335039417 113 0.363966588791 97 0.192927242141 95 0.374897952012 48 0.091546544874 47 0.337896813471 45 0.10169501765 31 0.0872557661456 22 0.0919144718766 8 0.307223051205 3 0.374897952012 
171 0.11687354181 163 0.208389747393 137 0.26297828157 119 0.367046013908 105 0.159712179687 98 0.335501356538 97 0.129206877074 57 0.335501356538 49 0.563514421077 48 0.122620766656 39 0.332127210137 31 0.11687354181 22 0.123113581444 
187 0.319532575019 171 0.164443259621 161 0.332630959442 154 0.330690290368 151 0.307459735537 105 0.224718024475 104 0.249962961308 97 0.18179649305 76 0.319532575019 48 0.172529712489 45 0.191655645562 31 0.164443259621 22 0.173223112115 20 0.332630959442 18 0.272040725044 
184 0.443693043437 171 0.114575737015 163 0.20429267843 159 0.396898397423 151 0.107111188026 137 0.25780796888 108 0.528448502747 97 0.126666591419 48 0.120209967931 45 0.133535949688 38 0.396898397423 31 0.114575737015 22 0.120693093681 
172 0.425430341151 171 0.0882347441417 140 0.34168789296 126 0.243539475685 111 0.449245267344 104 0.268243502187 97 0.0975459078536 42 0.2881587381 40 0.391865087881 31 0.0882347441417 29 0.327858804959 
192 0.261703553057 185 0.210787601086 179 0.237836844237 178 0.261703553057 151 0.117304428827 132 0.254770543632 105 0.0857361678985 104 0.0953678124806 101 0.24856875537 93 0.269563550878 87 0.261703553057 86 0.261703553057 58 0.457526285326 50 0.261703553057 42 0.204896433843 18 0.103791092558 5 0.254770543632 
171 0.268478291257 97 0.296810048177 48 0.281680638701 45 0.312906593731 31 0.268478291257 22 0.282812717615 14 0.71449636646 
193 0.216401721145 171 0.0697565903679 163 0.124378520755 151 0.130423970407 142 0.309800551707 107 0.336336556834 102 0.336336556834 89 0.309800551707 60 0.309800551707 48 0.0731868518548 45 0.081300044708 31 0.0697565903679 22 0.0734809909626 19 0.259198488968 12 0.270131484086 7 0.336336556834 6 0.3551641521 
193 0.257529153809 187 0.161305805136 171 0.166027844834 105 0.113441710487 97 0.275322442608 63 0.346272750777 48 0.174192219252 45 0.193502450975 43 0.400257763286 35 0.302687685211 31 0.166027844834 22 0.262338450779 18 0.137331062977 14 0.44184686706 11 0.203544141301 
171 0.115220534384 120 0.334188216681 97 0.127379432435 91 0.586642827338 42 0.37628945507 31 0.115220534384 29 0.428131424613 16 0.420120334347 
193 0.11458256546 171 0.147741691513 163 0.263428773502 137 0.332435002386 124 0.170354295132 120 0.107128327169 116 0.188055896652 105 0.201894690764 104 0.112287821357 98 0.424112567757 97 0.163332455561 57 0.424112567757 48 0.155006849282 39 0.41984725596 31 0.147741691513 22 0.155629824245 18 0.122205546676 11 0.0905629888871 
187 0.319532575019 171 0.164443259621 161 0.332630959442 154 0.330690290368 151 0.307459735537 105 0.224718024475 104 0.249962961308 97 0.18179649305 76 0.319532575019 48 0.172529712489 45 0.191655645562 31 0.164443259621 22 0.173223112115 20 0.332630959442 18 0.272040725044 
174 0.170683536044 171 0.142430212602 163 0.253958214714 159 0.493388256529 155 0.115674890012 151 0.106520767346 138 0.12651122485 137 0.320483592555 108 0.131383894281 106 0.0863137184111 104 0.086600758958 97 0.15746047126 71 0.145036061612 67 0.145036061612 54 0.253022449699 48 0.14943417983 45 0.16599983731 38 0.493388256529 31 0.142430212602 22 0.150034758147 
187 0.274045560372 171 0.141033962592 161 0.285279326128 154 0.283614920726 151 0.263691348252 105 0.192728321797 104 0.214379519208 97 0.155916878924 76 0.274045560372 48 0.147969269603 45 0.164372533171 31 0.141033962592 22 0.148563960423 20 0.285279326128 18 0.233314406002 16 0.514241978095 
200 0.313185024935 193 0.28488234082 177 0.278251664809 171 0.0918311584884 163 0.163738273212 157 0.394556311508 137 0.206630173775 119 0.288399411481 105 0.125490801923 98 0.263613798026 97 0.101521841664 78 0.407837358643 57 0.263613798026 48 0.0963469308993 39 0.260962626785 31 0.0918311584884 22 0.0967341507288 
171 0.148385097625 163 0.264575989843 137 0.333882736671 124 0.342192355522 105 0.202773929904 98 0.425959552282 97 0.164043758505 57 0.425959552282 48 0.155681894715 39 0.421675665311 31 0.148385097625 22 0.156307582696 
192 0.261703553057 185 0.210787601086 179 0.237836844237 178 0.261703553057 151 0.117304428827 132 0.254770543632 105 0.0857361678985 104 0.0953678124806 101 0.24856875537 93 0.269563550878 87 0.261703553057 86 0.261703553057 58 0.457526285326 50 0.261703553057 42 0.204896433843 18 0.103791092558 5 0.254770543632 
187 0.284100705967 171 0.146208711732 161 0.295746655559 154 0.294021180609 105 0.199799815068 104 0.222245427619 97 0.161637704747 76 0.284100705967 48 0.153398485634 45 0.170403609721 31 0.146208711732 22 0.154014996559 20 0.295746655559 18 0.241875064013 16 0.533110293108 
171 0.268478291257 97 0.296810048177 48 0.281680638701 45 0.312906593731 31 0.268478291257 22 0.282812717615 14 0.71449636646 
174 0.261410876841 171 0.0872557661456 163 0.155580183368 151 0.163142197771 149 0.374897952012 137 0.196335039417 113 0.363966588791 97 0.192927242141 95 0.374897952012 48 0.091546544874 47 0.337896813471 45 0.10169501765 31 0.0872557661456 22 0.0919144718766 8 0.307223051205 3 0.374897952012 
187 0.184682735315 171 0.190089107435 151 0.177704902089 126 0.262335443983 112 0.422108578174 97 0.315223012288 94 0.422108578174 48 0.0997183439708 45 0.221545417451 35 0.346554109467 31 0.190089107435 22 0.200238227125 14 0.252940332588 11 0.233042380223 
200 0.0305250772044 193 0.2221320882 184 0.0346605784435 177 0.0271202416281 174 0.0268148495087 171 0.134257051557 163 0.239385173293 151 0.0167347033705 137 0.302093084202 124 0.0412815369854 123 0.0455711225066 120 0.0259601438097 119 0.0281093079178 116 0.0455711225066 105 0.28131669965 104 0.0136052156676 98 0.385403079469 97 0.148424819579 58 0.228448180602 57 0.4110966181 48 0.140859105798 39 0.381527070063 31 0.134257051557 22 0.141425220758 18 0.118455077192 17 0.0455711225066 12 0.207963470661 11 0.197513155458 
187 0.232202431217 171 0.119499943563 161 0.241720949659 154 0.240310676928 105 0.163301258466 104 0.181646604658 97 0.132110435597 76 0.232202431217 48 0.125376321005 46 0.576177811271 45 0.139275023378 31 0.119499943563 22 0.12588021041 20 0.241720949659 18 0.197690384905 16 0.43572403576 
187 0.196461336405 171 0.209989917723 126 0.236133226013 112 0.449029603306 97 0.361121540161 61 0.088448980402 48 0.212156259081 45 0.262868300282 35 0.368656460315 31 0.209989917723 22 0.237586870545 14 0.331165823786 11 0.247905238026 
187 0.319532575019 171 0.164443259621 161 0.332630959442 154 0.330690290368 151 0.307459735537 105 0.224718024475 104 0.249962961308 97 0.18179649305 76 0.319532575019 48 0.172529712489 45 0.191655645562 31 0.164443259621 22 0.173223112115 20 0.332630959442 18 0.272040725044 
185 0.243301838664 182 0.269085184874 176 0.269085184874 174 0.216956209264 171 0.0724173396615 163 0.129122732872 162 0.286910780825 153 0.286910780825 151 0.135398776161 137 0.162946953135 128 0.286910780825 126 0.199881363098 121 0.280435200934 55 0.280435200934 51 0.286910780825 45 0.084401099897 31 0.0724173396615 22 0.0762838013317 19 0.269085184874 8 0.254977717047 
187 0.319532575019 171 0.164443259621 161 0.332630959442 154 0.330690290368 151 0.307459735537 105 0.224718024475 104 0.249962961308 97 0.18179649305 76 0.319532575019 48 0.172529712489 45 0.191655645562 31 0.164443259621 22 0.173223112115 20 0.332630959442 18 0.272040725044 
187 0.153473504384 171 0.157966262595 126 0.218003809851 112 0.350777145534 104 0.1200587816 97 0.261953995191 77 0.380823005947 67 0.402140883169 48 0.165734210884 45 0.184106822647 35 0.287990501917 31 0.157966262595 22 0.166400299282 14 0.21019636284 11 0.387321865273 
187 0.335798277004 171 0.17281419036 161 0.349563430433 154 0.34752397223 105 0.236157222548 104 0.262687244695 97 0.191050784503 76 0.335798277004 48 0.181312281486 45 0.201411813972 31 0.17281419036 22 0.182040978395 20 0.349563430433 18 0.285888869826 
171 0.268478291257 97 0.296810048177 48 0.281680638701 45 0.312906593731 31 0.268478291257 22 0.282812717615 14 0.71449636646 
171 0.121285650362 169 0.411682155005 163 0.216256696339 146 0.434384392394 106 0.367499819082 105 0.165741495329 104 0.184360978969 97 0.134084582998 75 0.194929242867 48 0.127249839454 45 0.141356232363 31 0.121285650362 30 0.363361524514 23 0.344665388423 22 0.127761258558 11 0.099127884561 
171 0.10308982872 158 0.408432336668 155 0.418622719879 152 0.408432336668 151 0.0963735806132 126 0.284541459027 105 0.140876206825 96 0.408432336668 48 0.108159243198 45 0.120149331263 31 0.10308982872 15 0.408432336668 
189 0.400697435757 188 0.369083538921 171 0.0831051109955 156 0.400697435757 132 0.337469642085 105 0.113566323178 97 0.0918749589879 63 0.346653122152 58 0.151510089777 48 0.0871917823782 39 0.236165245235 32 0.400697435757 31 0.0831051109955 22 0.0875422075219 18 0.137481917484 
194 0.0266942582771 188 0.0245881566354 171 0.155019759985 163 0.286277469402 159 0.53699933258 155 0.0224820549937 151 0.207029005966 147 0.0266942582771 143 0.0266942582771 137 0.36126900626 108 0.0255351869036 104 0.00841566836671 97 0.171378558074 76 0.0107579145712 48 0.162642814805 45 0.180672727135 38 0.53699933258 31 0.155019759985 22 0.163296478833 9 0.0255351869036 
171 0.0706331567589 165 0.410288963959 163 0.125941470298 134 0.455217350947 127 0.373043551635 126 0.292435176138 105 0.289568757378 104 0.107366352812 97 0.0780868745938 48 0.0741065231612 45 0.123482500479 31 0.0706331567589 30 0.317416422856 23 0.200722874777 22 0.111606537664 18 0.175274090477 11 0.259781097336 
171 0.115574676579 158 0.457896145536 152 0.457896145536 126 0.319001277902 96 0.457896145536 48 0.121258030078 45 0.134700195687 31 0.115574676579 15 0.457896145536 
195 0.120748924986 171 0.150260799068 140 0.581882979629 120 0.072636630768 97 0.166117397432 42 0.49072463083 31 0.150260799068 29 0.558332508285 25 0.127508261258 
200 0.405390401254 177 0.360172246645 171 0.11886733791 163 0.21194475787 137 0.267464541369 119 0.373307609985 105 0.162436778565 98 0.341224818716 97 0.131411072853 57 0.341224818716 48 0.12471260714 39 0.337793111298 31 0.11886733791 22 0.125213829068 
171 0.121323330769 163 0.216323881866 159 0.420272535937 138 0.538816972116 137 0.272990794545 106 0.367613992051 97 0.134126239712 48 0.127289372785 45 0.141400148196 38 0.420272535937 31 0.121323330769 22 0.127800950774 
187 0.259751875432 171 0.133677904627 161 0.270399709752 154 0.268822116509 106 0.4050487887 105 0.182675986312 104 0.203197899258 97 0.147784556908 76 0.259751875432 48 0.140251479475 45 0.155799180627 31 0.133677904627 22 0.140815152375 20 0.270399709752 18 0.221145179078 16 0.487420113847 
197 0.160182274392 171 0.125843435863 163 0.224383392549 146 0.45070809499 118 0.160182274392 106 0.381310070684 105 0.25795482617 104 0.191289068108 101 0.12464500427 97 0.13912333875 48 0.132031752826 45 0.146668248949 31 0.125843435863 30 0.377016263416 23 0.357617546453 22 0.132562390515 11 0.231419260878 
187 0.319532575019 171 0.164443259621 161 0.332630959442 154 0.330690290368 151 0.307459735537 105 0.224718024475 104 0.249962961308 97 0.18179649305 76 0.319532575019 48 0.172529712489 45 0.191655645562 31 0.164443259621 22 0.173223112115 20 0.332630959442 18 0.272040725044 
187 0.319532575019 171 0.164443259621 161 0.332630959442 154 0.330690290368 151 0.307459735537 105 0.224718024475 104 0.249962961308 97 0.18179649305 76 0.319532575019 48 0.172529712489 45 0.191655645562 31 0.164443259621 22 0.173223112115 20 0.332630959442 18 0.272040725044 
185 0.243301838664 182 0.269085184874 176 0.269085184874 174 0.216956209264 171 0.0724173396615 163 0.129122732872 162 0.286910780825 153 0.286910780825 151 0.135398776161 137 0.162946953135 128 0.286910780825 126 0.199881363098 121 0.280435200934 55 0.280435200934 51 0.286910780825 45 0.084401099897 31 0.0724173396615 22 0.0762838013317 19 0.269085184874 8 0.254977717047 
187 0.274045560372 171 0.141033962592 161 0.285279326128 154 0.283614920726 151 0.263691348252 105 0.192728321797 104 0.214379519208 97 0.155916878924 76 0.274045560372 48 0.147969269603 45 0.164372533171 31 0.141033962592 22 0.148563960423 20 0.285279326128 18 0.233314406002 16 0.514241978095 
187 0.279071655075 171 0.14362057648 161 0.290511452158 154 0.28881652096 105 0.196263028931 104 0.218311317134 97 0.158776450881 76 0.279071655075 48 0.15068307953 47 0.556168804485 45 0.167387184885 31 0.14362057648 22 0.151288677195 20 0.290511452158 18 0.237593476601 
171 0.121663390826 163 0.216930221233 146 0.435737269352 106 0.368644386074 105 0.332515384336 104 0.184935165622 97 0.134502185347 48 0.127646155202 45 0.141796482042 31 0.121663390826 30 0.364493202914 23 0.345738838277 22 0.128159167106 18 0.20126940519 11 0.298309846014 
171 0.115574676579 158 0.457896145536 152 0.457896145536 126 0.319001277902 96 0.457896145536 48 0.121258030078 45 0.134700195687 31 0.115574676579 15 0.457896145536 
185 0.243301838664 182 0.269085184874 176 0.269085184874 174 0.216956209264 171 0.0724173396615 163 0.129122732872 162 0.286910780825 153 0.286910780825 151 0.135398776161 137 0.162946953135 128 0.286910780825 126 0.199881363098 121 0.280435200934 55 0.280435200934 51 0.286910780825 45 0.084401099897 31 0.0724173396615 22 0.0762838013317 19 0.269085184874 8 0.254977717047 
196 0.399759479826 177 0.175083495395 171 0.115565311894 158 0.343394282642 152 0.228929521761 126 0.239231572606 96 0.343394282642 88 0.256622329117 48 0.151560256109 45 0.168361601644 31 0.144456639868 15 0.343394282642 13 0.44129869086 
187 0.319532575019 171 0.164443259621 161 0.332630959442 154 0.330690290368 151 0.307459735537 105 0.224718024475 104 0.249962961308 97 0.18179649305 76 0.319532575019 48 0.172529712489 45 0.191655645562 31 0.164443259621 22 0.173223112115 20 0.332630959442 18 0.272040725044 
171 0.168955631323 140 0.654278473091 97 0.186785042612 45 0.0984573665928 42 0.275889288231 31 0.168955631323 29 0.627797948705 
185 0.243301838664 182 0.269085184874 176 0.269085184874 174 0.216956209264 171 0.0724173396615 163 0.129122732872 162 0.286910780825 153 0.286910780825 151 0.135398776161 137 0.162946953135 128 0.286910780825 126 0.199881363098 121 0.280435200934 55 0.280435200934 51 0.286910780825 45 0.084401099897 31 0.0724173396615 22 0.0762838013317 19 0.269085184874 8 0.254977717047 
187 0.319532575019 171 0.164443259621 161 0.332630959442 154 0.330690290368 151 0.307459735537 105 0.224718024475 104 0.249962961308 97 0.18179649305 76 0.319532575019 48 0.172529712489 45 0.191655645562 31 0.164443259621 22 0.173223112115 20 0.332630959442 18 0.272040725044 
187 0.319532575019 171 0.164443259621 161 0.332630959442 154 0.330690290368 151 0.307459735537 105 0.224718024475 104 0.249962961308 97 0.18179649305 76 0.319532575019 48 0.172529712489 45 0.191655645562 31 0.164443259621 22 0.173223112115 20 0.332630959442 18 0.272040725044 
187 0.274045560372 171 0.141033962592 161 0.285279326128 154 0.283614920726 151 0.263691348252 105 0.192728321797 104 0.214379519208 97 0.155916878924 76 0.274045560372 48 0.147969269603 45 0.164372533171 31 0.141033962592 22 0.148563960423 20 0.285279326128 18 0.233314406002 16 0.514241978095 
187 0.232541040762 161 0.242073439598 154 0.240661110335 105 0.163539392772 104 0.181911491093 76 0.232541040762 48 0.125559151214 47 0.463436792245 44 0.609318591376 22 0.126063775416 20 0.242073439598 18 0.197978667207 
176 0.490147147521 171 0.0659552336237 120 0.191298035748 109 0.318008034297 101 0.261308516261 97 0.145830606845 61 0.250026568252 48 0.0691985644196 45 0.0768696321602 40 0.585836195743 31 0.0659552336237 22 0.0694766745375 14 0.175525457021 5 0.267828161445 
171 0.268478291257 97 0.296810048177 48 0.281680638701 45 0.312906593731 31 0.268478291257 22 0.282812717615 14 0.71449636646 
187 0.319532575019 171 0.164443259621 161 0.332630959442 154 0.330690290368 151 0.307459735537 105 0.224718024475 104 0.249962961308 97 0.18179649305 76 0.319532575019 48 0.172529712489 45 0.191655645562 31 0.164443259621 22 0.173223112115 20 0.332630959442 18 0.272040725044 
193 0.258200985395 171 0.124845728644 163 0.222604444533 137 0.280916575914 105 0.284344131522 98 0.358386600332 97 0.138020346301 58 0.303477324537 57 0.358386600332 48 0.130984983624 39 0.354782296403 31 0.124845728644 22 0.131511414331 18 0.13768932667 12 0.322308967822 11 0.204075138981 
174 0.264960669919 171 0.0884406438311 163 0.157692863088 149 0.379988827233 137 0.199001144104 113 0.368909023067 97 0.195547071113 95 0.379988827233 48 0.0927896885997 47 0.342485236815 45 0.103075971167 31 0.0884406438311 22 0.0931626118164 8 0.31139494441 3 0.379988827233 
187 0.319532575019 171 0.164443259621 161 0.332630959442 154 0.330690290368 151 0.307459735537 105 0.224718024475 104 0.249962961308 97 0.18179649305 76 0.319532575019 48 0.172529712489 45 0.191655645562 31 0.164443259621 22 0.173223112115 20 0.332630959442 18 0.272040725044 
187 0.232541040762 161 0.242073439598 154 0.240661110335 105 0.163539392772 104 0.181911491093 76 0.232541040762 48 0.125559151214 47 0.463436792245 44 0.609318591376 22 0.126063775416 20 0.242073439598 18 0.197978667207 
191 0.330645334143 174 0.194557526524 171 0.0649409322267 158 0.257289948233 152 0.257289948233 126 0.179245497211 110 0.330645334143 105 0.0887442758744 99 0.330645334143 97 0.0717939656598 96 0.257289948233 59 0.313117505135 48 0.0681343850254 45 0.075687482223 31 0.0649409322267 28 0.313117505135 15 0.257289948233 1 0.330645334143 
